-5.0987e-01 -6.0658e-01 6.0999e-01 5.0000e+00 4.3100e-02 1.0600e-02 6.5300e-02
9.0639e-01 2.8185e-01 3.1468e-01 1.0000e+03 4.3100e-02 1.0600e-02 6.5300e-02
-3.9504e-01 8.2628e-01 4.0149e-01 1.9950e+03 4.3100e-02 1.0600e-02 6.5300e-02
1.4964e-01 4.8814e-01 -8.5984e-01 3.0050e+03 4.3100e-02 1.0600e-02 6.5300e-02
1.7786e-01 -9.2784e-01 3.2785e-01 9.9500e+02 4.3100e-02 1.0600e-02 6.5300e-02
-4.0287e-01 -7.6092e-01 -5.0862e-01 2.9900e+03 4.3100e-02 1.0600e-02 6.5300e-02
7.4109e-01 5.3723e-01 -4.0270e-01 2.0050e+03 4.3100e-02 1.0600e-02 6.5300e-02
3.8364e-01 -2.4260e-01 -8.9105e-01 9.9000e+02 4.3100e-02 1.0600e-02 6.5300e-02
5.5175e-01 -1.4696e-01 8.2096e-01 1.9850e+03 4.3100e-02 1.0600e-02 6.5300e-02
9.0456e-01 -4.1913e-01 -7.8101e-02 3.0000e+03 4.3100e-02 1.0600e-02 6.5300e-02
-1.5481e-01 -8.4694e-01 -5.0865e-01 1.0050e+03 4.3100e-02 1.0600e-02 6.5300e-02
3.1139e-01 -2.7153e-02 -9.4989e-01 1.9850e+03 4.3100e-02 1.0600e-02 6.5300e-02
8.6215e-01 4.6689e-01 -1.9675e-01 2.9950e+03 4.3100e-02 1.0600e-02 6.5300e-02
-3.6007e-01 3.2706e-01 -8.7372e-01 1.0050e+03 4.3100e-02 1.0600e-02 6.5300e-02
-9.7083e-01 2.1747e-01 -1.0099e-01 1.9950e+03 4.3100e-02 1.0600e-02 6.5300e-02
-2.8027e-01 9.5584e-01 -8.8424e-02 2.9950e+03 4.3100e-02 1.0600e-02 6.5300e-02
5.1107e-01 6.0594e-01 -6.0962e-01 5.0000e+00 4.3100e-02 1.0600e-02 6.5300e-02
9.1790e-01 -2.7682e-01 -2.8431e-01 9.9500e+02 4.3100e-02 1.0600e-02 6.5300e-02
-4.1802e-01 -8.6675e-01 -2.7204e-01 2.0000e+03 4.3100e-02 1.0600e-02 6.5300e-02
1.5467e-01 -3.3255e-01 -9.3031e-01 3.0100e+03 4.3100e-02 1.0600e-02 6.5300e-02
7.1603e-01 -1.2193e-01 6.8734e-01 3.0050e+03 4.3100e-02 1.0600e-02 6.5300e-02
5.7698e-01 6.3632e-01 -5.1205e-01 9.9500e+02 4.3100e-02 1.0600e-02 6.5300e-02
-1.5317e-01 8.2698e-01 -5.4096e-01 2.0050e+03 4.3100e-02 1.0600e-02 6.5300e-02
7.7272e-01 -5.6235e-01 2.9437e-01 9.9500e+02 4.3100e-02 1.0600e-02 6.5300e-02
-2.6283e-01 -4.9822e-01 -8.2625e-01 1.9900e+03 4.3100e-02 1.0600e-02 6.5300e-02
-7.3630e-01 7.0494e-02 6.7298e-01 2.9850e+03 4.3100e-02 1.0600e-02 6.5300e-02
-3.9387e-01 -3.4469e-01 -8.5209e-01 1.0050e+03 4.3100e-02 1.0600e-02 6.5300e-02
8.2197e-01 -2.2692e-01 -5.2236e-01 2.0000e+03 4.3100e-02 1.0600e-02 6.5300e-02
3.3033e-01 9.0818e-01 -2.5709e-01 3.0000e+03 4.3100e-02 1.0600e-02 6.5300e-02
-5.0204e-01 7.9138e-01 3.4881e-01 9.9500e+02 4.3100e-02 1.0600e-02 6.5300e-02
8.5315e-01 4.0879e-01 3.2409e-01 1.9900e+03 4.3100e-02 1.0600e-02 6.5300e-02
4.7743e-01 -6.3760e-01 6.0458e-01 2.9900e+03 4.3100e-02 1.0600e-02 6.5300e-02
5.1206e-01 6.0606e-01 -6.0867e-01 5.0000e+00 4.3100e-02 1.0600e-02 6.5300e-02
-3.2657e-01 7.6416e-01 5.5624e-01 3.0050e+03 4.3100e-02 1.0600e-02 6.5300e-02
5.9749e-01 8.0143e-01 2.6792e-02 1.0000e+03 4.3100e-02 1.0600e-02 6.5300e-02
6.0457e-01 -7.6778e-01 2.1218e-01 2.0000e+03 4.3100e-02 1.0600e-02 6.5300e-02
2.7556e-01 3.3878e-01 -8.9961e-01 9.9000e+02 4.3100e-02 1.0600e-02 6.5300e-02
2.8361e-01 5.6405e-01 -7.7551e-01 1.9900e+03 4.3100e-02 1.0600e-02 6.5300e-02
8.2188e-01 3.5128e-01 4.4845e-01 2.9900e+03 4.3100e-02 1.0600e-02 6.5300e-02
9.2155e-01 2.3064e-01 -3.1234e-01 9.9500e+02 4.3100e-02 1.0600e-02 6.5300e-02
2.2799e-01 -1.5660e-02 9.7354e-01 2.9850e+03 4.3100e-02 1.0600e-02 6.5300e-02
-3.8301e-02 -9.9857e-01 3.7277e-02 1.9950e+03 4.3100e-02 1.0600e-02 6.5300e-02
6.1310e-01 4.5649e-01 -6.4477e-01 3.0050e+03 4.3100e-02 1.0600e-02 6.5300e-02
7.9940e-01 -1.3159e-01 5.8621e-01 9.9500e+02 4.3100e-02 1.0600e-02 6.5300e-02
-2.8913e-01 5.1961e-01 8.0399e-01 2.0100e+03 4.3100e-02 1.0600e-02 6.5300e-02
4.3480e-03 -9.9598e-01 -8.9481e-02 1.0000e+03 4.3100e-02 1.0600e-02 6.5300e-02
-7.6512e-01 3.7671e-01 -5.2219e-01 1.9900e+03 4.3100e-02 1.0600e-02 6.5300e-02
-9.9742e-01 -6.6940e-03 -7.1441e-02 3.0000e+03 4.3100e-02 1.0600e-02 6.5300e-02
5.1174e-01 6.0540e-01 -6.0960e-01 5.0000e+00 4.3100e-02 1.0600e-02 6.5300e-02
-8.6514e-02 5.5374e-01 8.2818e-01 1.0050e+03 4.3100e-02 1.0600e-02 6.5300e-02
-9.6234e-01 -2.0546e-01 1.7800e-01 2.0050e+03 4.3100e-02 1.0600e-02 6.5300e-02
-6.4176e-02 -9.6275e-01 -2.6267e-01 3.0000e+03 4.3100e-02 1.0600e-02 6.5300e-02
-6.5105e-01 7.4341e-01 1.5324e-01 3.0000e+03 4.3100e-02 1.0600e-02 6.5300e-02
-1.3036e-02 6.9850e-01 -7.1550e-01 1.0050e+03 4.3100e-02 1.0600e-02 6.5300e-02
1.0632e-01 -2.3458e-01 9.6626e-01 1.9850e+03 4.3100e-02 1.0600e-02 6.5300e-02
-7.0976e-01 -4.0363e-02 7.0329e-01 1.0050e+03 4.3100e-02 1.0600e-02 6.5300e-02
-4.0037e-01 -4.3409e-01 -8.0701e-01 2.9850e+03 4.3100e-02 1.0600e-02 6.5300e-02
-4.6250e-01 -8.4870e-01 2.5653e-01 2.0050e+03 4.3100e-02 1.0600e-02 6.5300e-02
-6.2187e-01 -6.0980e-01 -4.9134e-01 9.9500e+02 4.3100e-02 1.0600e-02 6.5300e-02
-6.3692e-01 -3.2955e-01 -6.9695e-01 1.9900e+03 4.3100e-02 1.0600e-02 6.5300e-02
-1.3181e-02 8.1583e-01 -5.7815e-01 3.0050e+03 4.3100e-02 1.0600e-02 6.5300e-02
-5.7846e-01 8.1365e-01 -5.7881e-02 1.0000e+03 4.3100e-02 1.0600e-02 6.5300e-02
-6.2663e-01 4.4178e-01 6.4200e-01 2.9900e+03 4.3100e-02 1.0600e-02 6.5300e-02
-7.6648e-01 5.9419e-01 2.4383e-01 2.0000e+03 4.3100e-02 1.0600e-02 6.5300e-02
-5.1258e-01 -6.0522e-01 6.0907e-01 5.0000e+00 4.3100e-02 1.0600e-02 6.5300e-02
6.9086e-02 1.3115e-02 9.9752e-01 9.9000e+02 4.3100e-02 1.0600e-02 6.5300e-02
-6.4941e-01 -1.9646e-01 7.3463e-01 2.0050e+03 4.3100e-02 1.0600e-02 6.5300e-02
6.7476e-01 7.3096e-01 1.0192e-01 2.9950e+03 4.3100e-02 1.0600e-02 6.5300e-02
-9.8580e-01 1.1188e-01 -1.2524e-01 1.0000e+03 4.3100e-02 1.0600e-02 6.5300e-02
-3.8613e-02 -8.4382e-01 -5.3523e-01 2.0050e+03 4.3100e-02 1.0600e-02 6.5300e-02
-8.1171e-01 4.4085e-01 -3.8313e-01 3.0000e+03 4.3100e-02 1.0600e-02 6.5300e-02
-2.8405e-01 -8.9478e-01 3.4451e-01 9.9500e+02 4.3100e-02 1.0600e-02 6.5300e-02
3.6410e-01 -5.6119e-01 7.4330e-01 2.0050e+03 4.3100e-02 1.0600e-02 6.5300e-02
-9.3830e-01 -4.1641e-02 3.4331e-01 3.0000e+03 4.3100e-02 1.0600e-02 6.5300e-02
-6.5003e-01 4.9760e-01 5.7432e-01 1.0050e+03 4.3100e-02 1.0600e-02 6.5300e-02
-7.5935e-01 -6.4920e-01 -4.3908e-02 1.9950e+03 4.3100e-02 1.0600e-02 6.5300e-02
3.3093e-01 9.7652e-02 -9.3859e-01 3.0100e+03 4.3100e-02 1.0600e-02 6.5300e-02
5.2928e-01 -5.7497e-01 6.2392e-01 9.9000e+02 4.3100e-02 1.0600e-02 6.5300e-02
6.5205e-02 2.0375e-01 9.7685e-01 2.0100e+03 4.3100e-02 1.0600e-02 6.5300e-02
-3.4430e-01 9.3883e-01 7.9520e-03 1.9950e+03 4.3100e-02 1.0600e-02 6.5300e-02
5.1499e-01 6.0220e-01 -6.1003e-01 5.0000e+00 4.3100e-02 1.0600e-02 6.5300e-02
8.5517e-01 5.1659e-01 -4.2702e-02 1.0000e+03 4.3100e-02 1.0600e-02 6.5300e-02
2.7591e-01 -4.0281e-01 8.7271e-01 3.0100e+03 4.3100e-02 1.0600e-02 6.5300e-02
-5.7343e-01 -7.2011e-01 3.9067e-01 2.9900e+03 4.3100e-02 1.0600e-02 6.5300e-02
-6.1211e-01 -1.1022e-01 -7.8305e-01 1.0050e+03 4.3100e-02 1.0600e-02 6.5300e-02
-9.0370e-01 -2.1601e-02 -4.2762e-01 1.9900e+03 4.3100e-02 1.0600e-02 6.5300e-02
-3.3108e-02 -6.8321e-01 -7.2947e-01 3.0050e+03 4.3100e-02 1.0600e-02 6.5300e-02
-2.0460e-01 8.1387e-01 5.4383e-01 1.0000e+03 4.3100e-02 1.0600e-02 6.5300e-02
-5.8747e-01 3.0780e-01 7.4843e-01 2.0100e+03 4.3100e-02 1.0600e-02 6.5300e-02
-5.3907e-01 7.9400e-01 -2.8102e-01 3.0000e+03 4.3100e-02 1.0600e-02 6.5300e-02
-5.7923e-01 -3.6041e-01 7.3116e-01 9.9500e+02 4.3100e-02 1.0600e-02 6.5300e-02
2.1850e-01 8.2450e-01 -5.2198e-01 2.0050e+03 4.3100e-02 1.0600e-02 6.5300e-02
-6.5247e-01 -2.0840e-01 -7.2859e-01 2.9850e+03 4.3100e-02 1.0600e-02 6.5300e-02
-3.4946e-01 -9.3247e-01 -9.1549e-02 2.9950e+03 4.3100e-02 1.0600e-02 6.5300e-02
-8.3315e-01 5.4565e-01 9.0093e-02 1.0000e+03 4.3100e-02 1.0600e-02 6.5300e-02
-5.2389e-01 -5.9467e-01 6.0984e-01 5.0000e+00 4.3100e-02 1.0600e-02 6.5300e-02
-8.4347e-01 3.8679e-01 3.7277e-01 2.9900e+03 4.3100e-02 1.0600e-02 6.5300e-02
3.4550e-01 9.1697e-01 1.9949e-01 9.9500e+02 4.3100e-02 1.0600e-02 6.5300e-02
-9.6332e-01 1.7893e-01 1.9997e-01 1.9950e+03 4.3100e-02 1.0600e-02 6.5300e-02
4.8408e-01 6.7821e-01 5.5290e-01 1.9950e+03 4.3100e-02 1.0600e-02 6.5300e-02
3.1527e-02 -3.7951e-01 9.2465e-01 1.0050e+03 4.3100e-02 1.0600e-02 6.5300e-02
-8.2041e-01 5.3989e-01 -1.8824e-01 2.0000e+03 4.3100e-02 1.0600e-02 6.5300e-02
3.0753e-01 -9.2258e-01 -2.3296e-01 2.9900e+03 4.3100e-02 1.0600e-02 6.5300e-02
2.8817e-01 6.3120e-01 7.2010e-01 1.0050e+03 4.3100e-02 1.0600e-02 6.5300e-02
2.3033e-01 2.8023e-01 -9.3189e-01 2.0100e+03 4.3100e-02 1.0600e-02 6.5300e-02
-9.2474e-01 -3.4829e-01 -1.5348e-01 2.9950e+03 4.3100e-02 1.0600e-02 6.5300e-02
4.2702e-01 -7.9327e-01 4.3402e-01 1.0000e+03 4.3100e-02 1.0600e-02 6.5300e-02
5.7408e-02 -9.6755e-01 -2.4606e-01 1.9950e+03 4.3100e-02 1.0600e-02 6.5300e-02
5.8217e-02 1.4129e-01 -9.8825e-01 3.0100e+03 4.3100e-02 1.0600e-02 6.5300e-02
-9.8581e-01 -1.6746e-01 1.2023e-02 1.0000e+03 4.3100e-02 1.0600e-02 6.5300e-02
3.8691e-01 1.3939e-01 9.1152e-01 2.0050e+03 4.3100e-02 1.0600e-02 6.5300e-02
9.0869e-01 -1.0062e-01 4.0517e-01 2.9900e+03 4.3100e-02 1.0600e-02 6.5300e-02
-5.2375e-01 -5.9133e-01 6.1320e-01 5.0000e+00 4.3100e-02 1.0600e-02 6.5300e-02
-2.6187e-01 2.7932e-02 9.6470e-01 9.9000e+02 4.3100e-02 1.0600e-02 6.5300e-02
-3.1087e-01 -6.8888e-01 6.5483e-01 2.9900e+03 4.3100e-02 1.0600e-02 6.5300e-02
-8.5191e-01 -2.0226e-01 4.8306e-01 2.0050e+03 4.3100e-02 1.0600e-02 6.5300e-02
2.9830e-01 -9.5142e-01 -7.6275e-02 1.0000e+03 4.3100e-02 1.0600e-02 6.5300e-02
4.6559e-01 -7.2059e-01 5.1378e-01 2.0050e+03 4.3100e-02 1.0600e-02 6.5300e-02
-4.8099e-01 2.3967e-01 8.4333e-01 2.9850e+03 4.3100e-02 1.0600e-02 6.5300e-02
-7.9081e-01 2.2289e-01 5.7003e-01 9.9500e+02 4.3100e-02 1.0600e-02 6.5300e-02
-5.7080e-01 6.1739e-01 5.4130e-01 2.0050e+03 4.3100e-02 1.0600e-02 6.5300e-02
-8.2980e-03 9.5993e-01 -2.8012e-01 2.9900e+03 4.3100e-02 1.0600e-02 6.5300e-02
7.4753e-01 3.2166e-01 5.8115e-01 9.9500e+02 4.3100e-02 1.0600e-02 6.5300e-02
-5.2645e-01 -6.2074e-01 5.8098e-01 2.0050e+03 4.3100e-02 1.0600e-02 6.5300e-02
-8.1689e-01 -2.5501e-01 5.1736e-01 2.9900e+03 4.3100e-02 1.0600e-02 6.5300e-02
2.8874e-01 7.2656e-01 -6.2348e-01 1.0050e+03 4.3100e-02 1.0600e-02 6.5300e-02
-9.6751e-01 -2.0008e-01 -1.5455e-01 2.0000e+03 4.3100e-02 1.0600e-02 6.5300e-02
1.3378e-01 3.5298e-01 9.2602e-01 3.0100e+03 4.3100e-02 1.0600e-02 6.5300e-02
-5.2692e-01 -5.8915e-01 6.1258e-01 5.0000e+00 4.3100e-02 1.0600e-02 6.5300e-02
-7.0929e-01 -6.5918e-01 2.4978e-01 9.9500e+02 4.3100e-02 1.0600e-02 6.5300e-02
6.5559e-01 6.2456e-01 4.2442e-01 3.0000e+03 4.3100e-02 1.0600e-02 6.5300e-02
2.2124e-02 -6.4943e-01 -7.6010e-01 1.9900e+03 4.3100e-02 1.0600e-02 6.5300e-02
-3.9176e-01 5.7527e-01 7.1805e-01 1.0050e+03 4.3100e-02 1.0600e-02 6.5300e-02
8.7885e-01 -2.8888e-01 3.7971e-01 9.9500e+02 4.3100e-02 1.0600e-02 6.5300e-02
4.6121e-02 -5.6290e-01 8.2524e-01 2.0050e+03 4.3100e-02 1.0600e-02 6.5300e-02
5.5892e-01 -3.6148e-01 7.4629e-01 2.9900e+03 4.3100e-02 1.0600e-02 6.5300e-02
3.5874e-01 9.3311e-01 -2.4672e-02 2.0000e+03 4.3100e-02 1.0600e-02 6.5300e-02
-7.5865e-01 6.3539e-01 -1.4395e-01 2.9950e+03 4.3100e-02 1.0600e-02 6.5300e-02
2.2689e-01 9.6815e-01 -1.0584e-01 1.0000e+03 4.3100e-02 1.0600e-02 6.5300e-02
-7.3175e-01 -1.8584e-02 -6.8132e-01 2.0050e+03 4.3100e-02 1.0600e-02 6.5300e-02
1.4737e-01 -6.3780e-01 7.5597e-01 2.9850e+03 4.3100e-02 1.0600e-02 6.5300e-02
3.5638e-01 -1.4130e-03 9.3434e-01 9.9000e+02 4.3100e-02 1.0600e-02 6.5300e-02
1.8050e-01 -9.4237e-01 2.8171e-01 1.9950e+03 4.3100e-02 1.0600e-02 6.5300e-02
-3.0171e-01 6.0360e-01 7.3800e-01 2.9850e+03 4.3100e-02 1.0600e-02 6.5300e-02
-5.3002e-01 -5.8703e-01 6.1195e-01 5.0000e+00 4.3100e-02 1.0600e-02 6.5300e-02
3.2228e-02 3.5209e-01 9.3541e-01 9.9000e+02 4.3100e-02 1.0600e-02 6.5300e-02
6.7430e-01 6.6251e-01 3.2619e-01 2.0000e+03 4.3100e-02 1.0600e-02 6.5300e-02
-5.6772e-01 -1.9215e-01 8.0048e-01 3.0100e+03 4.3100e-02 1.0600e-02 6.5300e-02
-7.9266e-01 -3.4132e-01 5.0516e-01 9.9500e+02 4.3100e-02 1.0600e-02 6.5300e-02
-5.8972e-01 6.5851e-02 8.0492e-01 1.9900e+03 4.3100e-02 1.0600e-02 6.5300e-02
-9.8024e-01 1.6594e-01 1.0768e-01 2.9950e+03 4.3100e-02 1.0600e-02 6.5300e-02
2.6320e-01 -6.5524e-01 7.0809e-01 1.0050e+03 4.3100e-02 1.0600e-02 6.5300e-02
-5.9075e-01 8.0041e-01 1.0175e-01 2.0000e+03 4.3100e-02 1.0600e-02 6.5300e-02
4.6741e-01 1.4400e-02 8.8392e-01 3.0050e+03 4.3100e-02 1.0600e-02 6.5300e-02
7.5376e-01 6.1177e-01 2.3996e-01 1.0000e+03 4.3100e-02 1.0600e-02 6.5300e-02
2.1027e-01 -3.0897e-01 -9.2754e-01 1.9900e+03 4.3100e-02 1.0600e-02 6.5300e-02
8.5893e-02 8.7254e-01 4.8093e-01 2.9950e+03 4.3100e-02 1.0600e-02 6.5300e-02
-8.7752e-01 -4.6220e-01 1.2777e-01 2.0000e+03 4.3100e-02 1.0600e-02 6.5300e-02
-7.2316e-01 6.2952e-01 2.8417e-01 9.9500e+02 4.3100e-02 1.0600e-02 6.5300e-02
-6.8631e-01 -7.1090e-01 1.5362e-01 2.9900e+03 4.3100e-02 1.0600e-02 6.5300e-02
-5.2993e-01 -5.8326e-01 6.1562e-01 5.0000e+00 4.3100e-02 1.0600e-02 6.5300e-02
6.2146e-01 -2.9165e-01 7.2714e-01 9.9500e+02 4.3100e-02 1.0600e-02 6.5300e-02
-6.1182e-01 6.8713e-01 3.9184e-01 3.0050e+03 4.3100e-02 1.0600e-02 6.5300e-02
5.6233e-01 -4.1024e-01 7.1797e-01 1.9900e+03 4.3100e-02 1.0600e-02 6.5300e-02
2.7320e-01 -8.4967e-01 4.5102e-01 3.0050e+03 4.3100e-02 1.0600e-02 6.5300e-02
9.7566e-01 -5.7277e-02 -2.1167e-01 1.0000e+03 4.3100e-02 1.0600e-02 6.5300e-02
-8.9844e-01 4.2645e-01 1.0459e-01 2.0000e+03 4.3100e-02 1.0600e-02 6.5300e-02
6.9593e-02 -9.4242e-01 -3.2711e-01 1.0000e+03 4.3100e-02 1.0600e-02 6.5300e-02
2.5734e-01 7.7097e-01 5.8256e-01 1.9900e+03 4.3100e-02 1.0600e-02 6.5300e-02
-5.6991e-01 -5.2202e-01 -6.3459e-01 2.9900e+03 4.3100e-02 1.0600e-02 6.5300e-02
1.0046e-01 9.9448e-01 -3.0205e-02 2.9950e+03 4.3100e-02 1.0600e-02 6.5300e-02
-5.1163e-01 -4.6756e-02 8.5793e-01 9.9000e+02 4.3100e-02 1.0600e-02 6.5300e-02
5.0351e-01 3.6251e-01 -7.8426e-01 2.0100e+03 4.3100e-02 1.0600e-02 6.5300e-02
4.3944e-01 7.9506e-01 4.1807e-01 9.9500e+02 4.3100e-02 1.0600e-02 6.5300e-02
1.4937e-01 9.3359e-01 -3.2574e-01 2.0050e+03 4.3100e-02 1.0600e-02 6.5300e-02
-9.6876e-01 -2.2613e-01 1.0184e-01 3.0000e+03 4.3100e-02 1.0600e-02 6.5300e-02
5.3185e-01 5.8125e-01 -6.1586e-01 5.0000e+00 4.3100e-02 1.0600e-02 6.5300e-02
4.3826e-02 8.6317e-01 -5.0300e-01 1.0050e+03 4.3100e-02 1.0600e-02 6.5300e-02
1.0739e-01 -1.3368e-01 -9.8519e-01 2.9800e+03 4.3100e-02 1.0600e-02 6.5300e-02
2.5916e-01 -7.7026e-01 -5.8270e-01 2.0050e+03 4.3100e-02 1.0600e-02 6.5300e-02
-9.2517e-01 -3.1521e-02 -3.7825e-01 1.0000e+03 4.3100e-02 1.0600e-02 6.5300e-02
2.8494e-01 -1.1099e-01 9.5210e-01 1.9850e+03 4.3100e-02 1.0600e-02 6.5300e-02
-8.9396e-01 2.2977e-01 -3.8476e-01 2.0050e+03 4.3100e-02 1.0600e-02 6.5300e-02
-9.0905e-01 4.0267e-01 -1.0720e-01 1.0000e+03 4.3100e-02 1.0600e-02 6.5300e-02
-4.1244e-01 -4.3599e-01 7.9988e-01 2.9850e+03 4.3100e-02 1.0600e-02 6.5300e-02
-9.2742e-01 3.0027e-01 -2.2298e-01 2.9950e+03 4.3100e-02 1.0600e-02 6.5300e-02
2.5206e-01 5.2673e-01 -8.1180e-01 9.9500e+02 4.3100e-02 1.0600e-02 6.5300e-02
6.6933e-01 7.1369e-01 -2.0650e-01 1.9950e+03 4.3100e-02 1.0600e-02 6.5300e-02
-8.4261e-01 -1.2149e-01 -5.2463e-01 3.0050e+03 4.3100e-02 1.0600e-02 6.5300e-02
-4.7812e-01 8.7825e-01 -8.9400e-03 2.9950e+03 4.3100e-02 1.0600e-02 6.5300e-02
3.4004e-01 -9.2351e-01 1.7748e-01 9.9500e+02 4.3100e-02 1.0600e-02 6.5300e-02
-5.3021e-01 -5.7783e-01 6.2047e-01 5.0000e+00 4.3100e-02 1.0600e-02 6.5300e-02
-9.0882e-01 3.5881e-02 4.1565e-01 1.9950e+03 4.3100e-02 1.0600e-02 6.5300e-02
1.1009e-02 7.4840e-01 6.6315e-01 1.0050e+03 4.3100e-02 1.0600e-02 6.5300e-02
-4.8877e-01 -8.3729e-01 -2.4504e-01 2.9950e+03 4.3100e-02 1.0600e-02 6.5300e-02
-7.0197e-01 -4.7624e-01 -5.2956e-01 1.9900e+03 4.3100e-02 1.0600e-02 6.5300e-02
-6.1529e-01 2.8580e-01 7.3467e-01 9.9500e+02 4.3100e-02 1.0600e-02 6.5300e-02
-8.5446e-02 -5.3000e-04 9.9634e-01 2.0100e+03 4.3100e-02 1.0600e-02 6.5300e-02
-8.6846e-01 1.8289e-01 4.6078e-01 2.9950e+03 4.3100e-02 1.0600e-02 6.5300e-02
-5.2285e-01 -8.1675e-01 2.4402e-01 1.0000e+03 4.3100e-02 1.0600e-02 6.5300e-02
-6.7439e-01 5.8986e-01 -4.4414e-01 2.0050e+03 4.3100e-02 1.0600e-02 6.5300e-02
-2.4476e-01 -8.3837e-01 4.8706e-01 2.9900e+03 4.3100e-02 1.0600e-02 6.5300e-02
-5.4214e-01 -4.6670e-01 -6.9876e-01 9.9500e+02 4.3100e-02 1.0600e-02 6.5300e-02
1.7977e-01 9.5735e-01 2.2620e-01 2.0000e+03 4.3100e-02 1.0600e-02 6.5300e-02
-2.1220e-01 -6.2797e-01 -7.4875e-01 2.9850e+03 4.3100e-02 1.0600e-02 6.5300e-02
-1.3209e-01 1.5150e-01 -9.7959e-01 1.0050e+03 4.3100e-02 1.0600e-02 6.5300e-02
-6.4235e-01 5.5555e-01 -5.2797e-01 2.9900e+03 4.3100e-02 1.0600e-02 6.5300e-02
-7.5205e-01 4.9177e-01 4.3885e-01 1.9950e+03 4.3100e-02 1.0600e-02 6.5300e-02
-5.3166e-01 -5.7753e-01 6.1951e-01 5.0000e+00 4.3100e-02 1.0600e-02 6.5300e-02
-5.3258e-02 3.1474e-01 -9.4768e-01 3.0100e+03 4.3100e-02 1.0600e-02 6.5300e-02
-8.7921e-01 -3.1163e-02 4.7541e-01 1.0050e+03 4.3100e-02 1.0600e-02 6.5300e-02
-9.2118e-02 -6.9972e-01 7.0846e-01 1.9900e+03 4.3100e-02 1.0600e-02 6.5300e-02
-6.1776e-01 7.0442e-01 -3.4952e-01 1.0000e+03 4.3100e-02 1.0600e-02 6.5300e-02
-4.2391e-01 -3.8226e-01 -8.2109e-01 2.0050e+03 4.3100e-02 1.0600e-02 6.5300e-02
-7.7603e-01 -4.7454e-01 4.1544e-01 2.9900e+03 4.3100e-02 1.0600e-02 6.5300e-02
-4.5928e-01 7.2647e-01 5.1119e-01 9.9500e+02 4.3100e-02 1.0600e-02 6.5300e-02
-9.9990e-01 -5.0250e-03 -1.3550e-02 2.0000e+03 4.3100e-02 1.0600e-02 6.5300e-02
-1.6374e-01 8.9775e-01 4.0894e-01 2.9950e+03 4.3100e-02 1.0600e-02 6.5300e-02
-9.0418e-01 -4.0329e-01 -1.4077e-01 1.0000e+03 4.3100e-02 1.0600e-02 6.5300e-02
-3.9001e-01 8.7084e-01 -2.9921e-01 2.0000e+03 4.3100e-02 1.0600e-02 6.5300e-02
-4.6799e-01 4.5902e-01 7.5517e-01 2.9900e+03 4.3100e-02 1.0600e-02 6.5300e-02
-8.1980e-01 -5.4535e-01 -1.7469e-01 2.9950e+03 4.3100e-02 1.0600e-02 6.5300e-02
-2.1891e-01 -2.4053e-01 -9.4563e-01 1.0050e+03 4.3100e-02 1.0600e-02 6.5300e-02
-7.0738e-01 -3.8492e-01 5.9283e-01 1.9900e+03 4.3100e-02 1.0600e-02 6.5300e-02
-5.3233e-01 -5.7733e-01 6.1912e-01 5.0000e+00 4.3100e-02 1.0600e-02 6.5300e-02
1.4377e-02 -9.8072e-01 1.9487e-01 9.9500e+02 4.3100e-02 1.0600e-02 6.5300e-02
-4.1414e-01 1.7984e-01 -8.9227e-01 3.0100e+03 4.3100e-02 1.0600e-02 6.5300e-02
1.0300e-02 -4.6769e-01 -8.8383e-01 2.0050e+03 4.3100e-02 1.0600e-02 6.5300e-02
-7.0878e-01 4.2398e-01 -5.6379e-01 9.9500e+02 4.3100e-02 1.0600e-02 6.5300e-02
-2.7806e-01 9.4417e-01 1.7669e-01 2.0050e+03 4.3100e-02 1.0600e-02 6.5300e-02
-8.0118e-01 5.6455e-01 1.9847e-01 3.0000e+03 4.3100e-02 1.0600e-02 6.5300e-02
-5.7142e-01 4.3920e-02 8.1948e-01 2.9850e+03 4.3100e-02 1.0600e-02 6.5300e-02
-8.3797e-01 -4.5419e-01 3.0252e-01 9.9500e+02 4.3100e-02 1.0600e-02 6.5300e-02
-2.1100e-01 3.8502e-01 -8.9846e-01 1.9900e+03 4.3100e-02 1.0600e-02 6.5300e-02
-4.9772e-01 -8.5887e-01 1.2090e-01 2.9950e+03 4.3100e-02 1.0600e-02 6.5300e-02
-2.2808e-01 3.9955e-01 8.8788e-01 9.9000e+02 4.3100e-02 1.0600e-02 6.5300e-02
-5.7475e-01 -8.1628e-01 -5.7760e-02 1.9950e+03 4.3100e-02 1.0600e-02 6.5300e-02
-4.7130e-01 -5.2619e-01 7.0781e-01 9.9500e+02 4.3100e-02 1.0600e-02 6.5300e-02
-8.1989e-01 -2.3544e-01 -5.2187e-01 2.0050e+03 4.3100e-02 1.0600e-02 6.5300e-02
-3.4841e-01 -2.5345e-01 -9.0243e-01 3.0100e+03 4.3100e-02 1.0600e-02 6.5300e-02
-5.3146e-01 -5.7529e-01 6.2176e-01 5.0000e+00 4.3100e-02 1.0600e-02 6.5300e-02
-9.4537e-01 -1.3462e-01 -2.9690e-01 3.0000e+03 4.3100e-02 1.0600e-02 6.5300e-02
-6.7785e-01 7.3318e-01 5.4445e-02 1.0000e+03 4.3100e-02 1.0600e-02 6.5300e-02
-7.7055e-01 6.0775e-02 6.3448e-01 1.9900e+03 4.3100e-02 1.0600e-02 6.5300e-02
-7.7895e-01 -1.1591e-01 -6.1628e-01 9.9500e+02 4.3100e-02 1.0600e-02 6.5300e-02
-4.2950e-01 3.6183e-01 8.2741e-01 1.9900e+03 4.3100e-02 1.0600e-02 6.5300e-02
-1.4175e-01 9.8944e-01 3.0192e-02 3.0000e+03 4.3100e-02 1.0600e-02 6.5300e-02
-5.6759e-01 -7.9107e-01 -2.2816e-01 1.0000e+03 4.3100e-02 1.0600e-02 6.5300e-02
-7.5012e-01 6.5971e-01 -4.5911e-02 2.0000e+03 4.3100e-02 1.0600e-02 6.5300e-02
-9.0869e-02 -6.2306e-01 7.7687e-01 2.9850e+03 4.3100e-02 1.0600e-02 6.5300e-02
-1.9400e-01 4.8178e-01 -8.5455e-01 9.9000e+02 4.3100e-02 1.0600e-02 6.5300e-02
-4.3430e-01 -7.6199e-01 4.8037e-01 1.9900e+03 4.3100e-02 1.0600e-02 6.5300e-02
-7.6827e-01 2.6787e-01 -5.8138e-01 2.9900e+03 4.3100e-02 1.0600e-02 6.5300e-02
-8.1828e-01 4.2007e-01 3.9237e-01 1.0000e+03 4.3100e-02 1.0600e-02 6.5300e-02
-7.0109e-02 5.4920e-01 8.3275e-01 3.0050e+03 4.3100e-02 1.0600e-02 6.5300e-02
-7.0197e-01 1.7429e-01 -6.9055e-01 1.9900e+03 4.3100e-02 1.0600e-02 6.5300e-02
-5.3089e-01 -5.7553e-01 6.2204e-01 5.0000e+00 4.3100e-02 1.0600e-02 6.5300e-02
-1.5794e-01 -1.3587e-01 9.7806e-01 1.0050e+03 4.3100e-02 1.0600e-02 6.5300e-02
-8.9590e-01 -4.3410e-01 -9.4399e-02 2.0000e+03 4.3100e-02 1.0600e-02 6.5300e-02
-2.7458e-01 7.2516e-01 -6.3147e-01 2.9900e+03 4.3100e-02 1.0600e-02 6.5300e-02
-1.3475e-01 -9.6096e-01 -2.4166e-01 1.0000e+03 4.3100e-02 1.0600e-02 6.5300e-02
-4.3549e-01 -1.4066e-01 8.8914e-01 1.9900e+03 4.3100e-02 1.0600e-02 6.5300e-02
-2.6952e-01 -9.0483e-01 -3.2961e-01 3.0000e+03 4.3100e-02 1.0600e-02 6.5300e-02
-9.7568e-01 2.1778e-01 2.4847e-02 1.0000e+03 4.3100e-02 1.0600e-02 6.5300e-02
-5.9697e-01 7.3872e-01 3.1291e-01 2.0000e+03 4.3100e-02 1.0600e-02 6.5300e-02
-7.6663e-01 -1.0810e-01 6.3293e-01 2.9850e+03 4.3100e-02 1.0600e-02 6.5300e-02
-5.5713e-01 7.2190e-02 -8.2728e-01 9.9500e+02 4.3100e-02 1.0600e-02 6.5300e-02
-2.5549e-01 6.8585e-01 -6.8142e-01 1.9900e+03 4.3100e-02 1.0600e-02 6.5300e-02
4.8511e-01 -8.3137e-01 -2.7109e-01 3.0000e+03 4.3100e-02 1.0600e-02 6.5300e-02
1.3905e-01 5.5126e-01 8.2267e-01 1.0050e+03 4.3100e-02 1.0600e-02 6.5300e-02
-4.9961e-01 -6.3430e-01 5.8995e-01 3.0050e+03 4.3100e-02 1.0600e-02 6.5300e-02
-4.0741e-01 -5.8981e-01 -6.9724e-01 2.0050e+03 4.3100e-02 1.0600e-02 6.5300e-02
-5.3241e-01 -5.7502e-01 6.2120e-01 5.0000e+00 4.3100e-02 1.0600e-02 6.5300e-02
-2.0104e-01 7.9056e-01 -5.7844e-01 9.9500e+02 4.3100e-02 1.0600e-02 6.5300e-02
-1.3783e-01 9.8811e-01 -6.8068e-02 1.9950e+03 4.3100e-02 1.0600e-02 6.5300e-02
-9.1608e-01 -2.5971e-01 3.0552e-01 3.0050e+03 4.3100e-02 1.0600e-02 6.5300e-02
-3.2113e-01 9.0387e-01 2.8264e-01 1.0000e+03 4.3100e-02 1.0600e-02 6.5300e-02
-4.7085e-01 -7.5835e-01 4.5079e-01 9.9500e+02 4.3100e-02 1.0600e-02 6.5300e-02
-6.9090e-01 6.3834e-01 -3.3938e-01 2.9900e+03 4.3100e-02 1.0600e-02 6.5300e-02
-3.1778e-01 1.8021e-01 9.3088e-01 2.9850e+03 4.3100e-02 1.0600e-02 6.5300e-02
-8.8911e-01 -3.3138e-01 3.1571e-01 2.0000e+03 4.3100e-02 1.0600e-02 6.5300e-02
1.7638e-01 1.0521e-01 9.7868e-01 1.9900e+03 4.3100e-02 1.0600e-02 6.5300e-02
-7.7162e-01 -4.8150e-01 -4.1563e-01 1.0000e+03 4.3100e-02 1.0600e-02 6.5300e-02
-6.8992e-01 -3.8705e-01 -6.1172e-01 2.9900e+03 4.3100e-02 1.0600e-02 6.5300e-02
-2.7217e-01 -8.7861e-01 -3.9239e-01 1.9950e+03 4.3100e-02 1.0600e-02 6.5300e-02
-7.2519e-01 -1.9069e-01 6.6162e-01 1.0050e+03 4.3100e-02 1.0600e-02 6.5300e-02
-9.6680e-01 1.8218e-02 -2.5490e-01 1.9950e+03 4.3100e-02 1.0600e-02 6.5300e-02
-5.1504e-01 6.4118e-01 5.6888e-01 3.0050e+03 4.3100e-02 1.0600e-02 6.5300e-02
