1          -0.333333   -0.765945   -0.549744    1          -0.333333   -0.765945   -0.549744    1          -0.333333   -0.765945   -0.549744    1          -0.333333   -0.765945   -0.549744    1          -0.333333   -0.765945   -0.549744			
0           0.666667   -0.603794    0.437022    0           0.666667   -0.603794    0.437022    0           0.666667   -0.603794    0.437022    0           0.666667   -0.603794    0.437022    0           0.666667   -0.603794    0.437022			
0           0.666667    0.220822   -0.711894    0           0.666667    0.220822   -0.711894    0           0.666667    0.220822   -0.711894    0           0.666667    0.220822   -0.711894    0           0.666667    0.220822   -0.711894			
			
			
			
			
			
			
			
			
			
			
			
			
			
			