9.063870217999999701e-01 2.818460067999999930e-01 3.146830076000000087e-01 1.000000000000000000e+03 4.310000000000000142e+01 1.059999999999999964e+01
-3.950441519999999818e-01 8.262843178000000011e-01 4.014901544000000211e-01 1.995000000000000000e+03 4.310000000000000142e+01 1.059999999999999964e+01
1.496350157000000125e-01 4.881420510999999740e-01 -8.598410899999999746e-01 3.005000000000000000e+03 4.310000000000000142e+01 1.059999999999999964e+01
1.778560691999999943e-01 -9.278373609000000188e-01 3.278491275000000038e-01 9.950000000000000000e+02 4.310000000000000142e+01 1.059999999999999964e+01
-4.028657637999999985e-01 -7.609205538000000102e-01 -5.086247016999999593e-01 2.990000000000000000e+03 4.310000000000000142e+01 1.059999999999999964e+01
7.410922328000000281e-01 5.372281687000000083e-01 -4.027011265000000062e-01 2.005000000000000000e+03 4.310000000000000142e+01 1.059999999999999964e+01
3.836440061999999984e-01 -2.425990038999999987e-01 -8.910460143999999749e-01 9.900000000000000000e+02 4.310000000000000142e+01 1.059999999999999964e+01
5.517459294000000014e-01 -1.469569812000000031e-01 8.209628949999999703e-01 1.985000000000000000e+03 4.310000000000000142e+01 1.059999999999999964e+01
9.045604735000000174e-01 -4.191307559999999932e-01 -7.810095454000000326e-02 3.000000000000000000e+03 4.310000000000000142e+01 1.059999999999999964e+01
-1.548110795000000040e-01 -8.469394351000000265e-01 -5.086522612999999637e-01 1.005000000000000000e+03 4.310000000000000142e+01 1.059999999999999964e+01
3.113879559000000130e-01 -2.715299616000000152e-02 -9.498948656000000268e-01 1.985000000000000000e+03 4.310000000000000142e+01 1.059999999999999964e+01
8.621488761000000167e-01 4.668939328999999749e-01 -1.967469716999999951e-01 2.995000000000000000e+03 4.310000000000000142e+01 1.059999999999999964e+01
-3.600667920999999772e-01 3.270648112000000274e-01 -8.737164954999999678e-01 1.005000000000000000e+03 4.310000000000000142e+01 1.059999999999999964e+01
-9.708290857000000385e-01 2.174670192000000002e-01 -1.009900088999999973e-01 1.995000000000000000e+03 4.310000000000000142e+01 1.059999999999999964e+01
-2.802708958999999833e-01 9.558396449999999600e-01 -8.842396716000000545e-02 2.995000000000000000e+03 4.310000000000000142e+01 1.059999999999999964e+01
5.110747140000000410e-01 6.059426609000000408e-01 -6.096196588000000194e-01 5.000000000000000000e+00 4.310000000000000142e+01 1.059999999999999964e+01
9.178999115999999514e-01 -2.768199733000000218e-01 -2.843069725999999853e-01 9.950000000000000000e+02 4.310000000000000142e+01 1.059999999999999964e+01
-4.180168270999999880e-01 -8.667516415999999557e-01 -2.720358875000000176e-01 2.000000000000000000e+03 4.310000000000000142e+01 1.059999999999999964e+01
1.546681165999999885e-01 -3.325542508000000064e-01 -9.303147015999999603e-01 3.010000000000000000e+03 4.310000000000000142e+01 1.059999999999999964e+01
7.160307533999999974e-01 -1.219349579999999961e-01 6.873367633000000421e-01 3.005000000000000000e+03 4.310000000000000142e+01 1.059999999999999964e+01
5.769767596000000554e-01 6.363157348000000324e-01 -5.120547866000000337e-01 9.950000000000000000e+02 4.310000000000000142e+01 1.059999999999999964e+01
-1.531679078000000027e-01 8.269825022000000248e-01 -5.409616743999999811e-01 2.005000000000000000e+03 4.310000000000000142e+01 1.059999999999999964e+01
7.727244347999999707e-01 -5.623525887000000445e-01 2.943747847000000029e-01 9.950000000000000000e+02 4.310000000000000142e+01 1.059999999999999964e+01
-2.628298970999999873e-01 -4.982238049000000113e-01 -8.262526765000000051e-01 1.990000000000000000e+03 4.310000000000000142e+01 1.059999999999999964e+01
-7.362957820000000098e-01 7.049397912999999516e-02 6.729778008000000256e-01 2.985000000000000000e+03 4.310000000000000142e+01 1.059999999999999964e+01
-3.938680884999999909e-01 -3.446910773999999900e-01 -8.520891913999999456e-01 1.005000000000000000e+03 4.310000000000000142e+01 1.059999999999999964e+01
8.219738517000000355e-01 -2.269249590999999899e-01 -5.223639058000000279e-01 2.000000000000000000e+03 4.310000000000000142e+01 1.059999999999999964e+01
3.303277975999999727e-01 9.081794435000000165e-01 -2.570868425000000235e-01 3.000000000000000000e+03 4.310000000000000142e+01 1.059999999999999964e+01
-5.020407597999999583e-01 7.913806212999999756e-01 3.488148330999999991e-01 9.950000000000000000e+02 4.310000000000000142e+01 1.059999999999999964e+01
8.531462533000000459e-01 4.087881213999999819e-01 3.240890961999999820e-01 1.990000000000000000e+03 4.310000000000000142e+01 1.059999999999999964e+01
4.774329062000000068e-01 -6.376018746999999598e-01 6.045838811999999507e-01 2.990000000000000000e+03 4.310000000000000142e+01 1.059999999999999964e+01
5.120619336999999716e-01 6.060589214999999585e-01 -6.086749211999999964e-01 5.000000000000000000e+00 4.310000000000000142e+01 1.059999999999999964e+01
-3.265731068000000126e-01 7.641612500000000141e-01 5.562441820000000314e-01 3.005000000000000000e+03 4.310000000000000142e+01 1.059999999999999964e+01
5.974858261000000059e-01 8.014317667000000478e-01 2.679199219999999979e-02 1.000000000000000000e+03 4.310000000000000142e+01 1.059999999999999964e+01
6.045665175000000113e-01 -7.677753872999999452e-01 2.121798306999999884e-01 2.000000000000000000e+03 4.310000000000000142e+01 1.059999999999999964e+01
2.755588907000000032e-01 3.387848655999999847e-01 -8.996066431999999446e-01 9.900000000000000000e+02 4.310000000000000142e+01 1.059999999999999964e+01
2.836078244999999942e-01 5.640506509999999585e-01 -7.755085202000000510e-01 1.990000000000000000e+03 4.310000000000000142e+01 1.059999999999999964e+01
8.218840697000000528e-01 3.512770297999999736e-01 4.484540381000000075e-01 2.990000000000000000e+03 4.310000000000000142e+01 1.059999999999999964e+01
9.215491849000000402e-01 2.306380463000000103e-01 -3.123350626999999990e-01 9.950000000000000000e+02 4.310000000000000142e+01 1.059999999999999964e+01
2.279941319000000077e-01 -1.566000906000000054e-02 9.735365632000000380e-01 2.985000000000000000e+03 4.310000000000000142e+01 1.059999999999999964e+01
-3.830098883000000037e-02 -9.985707086999999760e-01 3.727698913000000031e-02 1.995000000000000000e+03 4.310000000000000142e+01 1.059999999999999964e+01
6.130989414999999942e-01 4.564909564999999891e-01 -6.447679385000000263e-01 3.005000000000000000e+03 4.310000000000000142e+01 1.059999999999999964e+01
7.994009796000000057e-01 -1.315899966000000088e-01 5.862099850999999973e-01 9.950000000000000000e+02 4.310000000000000142e+01 1.059999999999999964e+01
-2.891319714000000207e-01 5.196149486000000151e-01 8.039919205000000124e-01 2.010000000000000000e+03 4.310000000000000142e+01 1.059999999999999964e+01
4.348000167999999631e-03 -9.959790384000000163e-01 -8.948100344999999900e-02 1.000000000000000000e+03 4.310000000000000142e+01 1.059999999999999964e+01
-7.651161290000000337e-01 3.767130635000000005e-01 -5.221920880999999515e-01 1.990000000000000000e+03 4.310000000000000142e+01 1.059999999999999964e+01
-9.974223680999999564e-01 -6.693995759000000330e-03 -7.144095474000000667e-02 3.000000000000000000e+03 4.310000000000000142e+01 1.059999999999999964e+01
5.117399103999999976e-01 6.054018941000000043e-01 -6.095988933000000554e-01 5.000000000000000000e+00 4.310000000000000142e+01 1.059999999999999964e+01
-8.651398744999999613e-02 5.537389196999999985e-01 8.281838797999999668e-01 1.005000000000000000e+03 4.310000000000000142e+01 1.059999999999999964e+01
-9.623410208999999549e-01 -2.054630044999999905e-01 1.780020039000000109e-01 2.005000000000000000e+03 4.310000000000000142e+01 1.059999999999999964e+01
-6.417597511000000532e-02 -9.627486267000000542e-01 -2.626718981000000230e-01 3.000000000000000000e+03 4.310000000000000142e+01 1.059999999999999964e+01
-6.510491568999999812e-01 7.434051792000000436e-01 1.532440368999999913e-01 3.000000000000000000e+03 4.310000000000000142e+01 1.059999999999999964e+01
-1.303599266999999964e-02 6.984956070000000183e-01 -7.154955974000000163e-01 1.005000000000000000e+03 4.310000000000000142e+01 1.059999999999999964e+01
1.063180378999999953e-01 -2.345840835000000124e-01 9.662643440999999500e-01 1.985000000000000000e+03 4.310000000000000142e+01 1.059999999999999964e+01
-7.097611276999999941e-01 -4.036300726000000005e-02 7.032851265999999768e-01 1.005000000000000000e+03 4.310000000000000142e+01 1.059999999999999964e+01
-4.003727436999999778e-01 -4.340937221999999762e-01 -8.070094835000000133e-01 2.985000000000000000e+03 4.310000000000000142e+01 1.059999999999999964e+01
-4.625009469999999956e-01 -8.486959026999999489e-01 2.565309706000000189e-01 2.005000000000000000e+03 4.310000000000000142e+01 1.059999999999999964e+01
-6.218710114000000067e-01 -6.098020110999999854e-01 -4.913430089999999972e-01 9.950000000000000000e+02 4.310000000000000142e+01 1.059999999999999964e+01
-6.369150474000000450e-01 -3.295470245000000076e-01 -6.969490519000000051e-01 1.990000000000000000e+03 4.310000000000000142e+01 1.059999999999999964e+01
-1.318099847999999914e-02 8.158269061999999794e-01 -5.781459334999999866e-01 3.005000000000000000e+03 4.310000000000000142e+01 1.059999999999999964e+01
-5.784598146999999635e-01 8.136547392999999850e-01 -5.788098146000000138e-02 1.000000000000000000e+03 4.310000000000000142e+01 1.059999999999999964e+01
-6.266330260000000374e-01 4.417800183000000214e-01 6.419980266000000491e-01 2.990000000000000000e+03 4.310000000000000142e+01 1.059999999999999964e+01
-7.664769461999999534e-01 5.941889582999999586e-01 2.438289828999999909e-01 2.000000000000000000e+03 4.310000000000000142e+01 1.059999999999999964e+01
-5.125840253000000235e-01 -6.052160299000000077e-01 6.090740301000000523e-01 5.000000000000000000e+00 4.310000000000000142e+01 1.059999999999999964e+01
6.908603422999999577e-02 1.311500649999999997e-02 9.975244942000000004e-01 9.900000000000000000e+02 4.310000000000000142e+01 1.059999999999999964e+01
-6.494050579000000267e-01 -1.964590174999999994e-01 7.346270654000000011e-01 2.005000000000000000e+03 4.310000000000000142e+01 1.059999999999999964e+01
6.747628830999999883e-01 7.309638734000000193e-01 1.019159822999999992e-01 2.995000000000000000e+03 4.310000000000000142e+01 1.059999999999999964e+01
-9.857982046000000054e-01 1.118820231999999998e-01 -1.252370260000000013e-01 1.000000000000000000e+03 4.310000000000000142e+01 1.059999999999999964e+01
-3.861300337000000277e-02 -8.438220736999999527e-01 -5.352320468000000275e-01 2.005000000000000000e+03 4.310000000000000142e+01 1.059999999999999964e+01
-8.117064804000000411e-01 4.408457177999999810e-01 -3.831287548000000265e-01 3.000000000000000000e+03 4.310000000000000142e+01 1.059999999999999964e+01
-2.840498767999999896e-01 -8.947766119000000185e-01 3.445148505999999777e-01 9.950000000000000000e+02 4.310000000000000142e+01 1.059999999999999964e+01
3.640970977999999914e-01 -5.611921506999999476e-01 7.433011995999999622e-01 2.005000000000000000e+03 4.310000000000000142e+01 1.059999999999999964e+01
-9.382997376999999695e-01 -4.164098835999999887e-02 3.433069040000000238e-01 3.000000000000000000e+03 4.310000000000000142e+01 1.059999999999999964e+01
-6.500337735000000228e-01 4.976048265999999942e-01 5.743217998999999852e-01 1.005000000000000000e+03 4.310000000000000142e+01 1.059999999999999964e+01
-7.593477970999999993e-01 -6.492018265000000232e-01 -4.390798826999999654e-02 1.995000000000000000e+03 4.310000000000000142e+01 1.059999999999999964e+01
3.309309088999999870e-01 9.765197310999999825e-02 -9.385887415000000455e-01 3.010000000000000000e+03 4.310000000000000142e+01 1.059999999999999964e+01
5.292757614999999971e-01 -5.749707408999999991e-01 6.239197187999999672e-01 9.900000000000000000e+02 4.310000000000000142e+01 1.059999999999999964e+01
6.520502230999999926e-02 2.037490697000000073e-01 9.768493341999999746e-01 2.010000000000000000e+03 4.310000000000000142e+01 1.059999999999999964e+01
-3.442970354000000066e-01 9.388270964999999579e-01 7.952000816999999638e-03 1.995000000000000000e+03 4.310000000000000142e+01 1.059999999999999964e+01
5.149928797999999697e-01 6.021988594999999611e-01 -6.100318577000000131e-01 5.000000000000000000e+00 4.310000000000000142e+01 1.059999999999999964e+01
8.551698781000000027e-01 5.165859264000000062e-01 -4.270199390999999955e-02 1.000000000000000000e+03 4.310000000000000142e+01 1.059999999999999964e+01
2.759129012000000047e-01 -4.028068557999999744e-01 8.727076875000000511e-01 3.010000000000000000e+03 4.310000000000000142e+01 1.059999999999999964e+01
-5.734296196000000512e-01 -7.201075222999999692e-01 3.906707408000000270e-01 2.990000000000000000e+03 4.310000000000000142e+01 1.059999999999999964e+01
-6.121100726000000547e-01 -1.102230131000000030e-01 -7.830530929000000251e-01 1.005000000000000000e+03 4.310000000000000142e+01 1.059999999999999964e+01
-9.037015202000000524e-01 -2.160098853000000027e-02 -4.276177729999999788e-01 1.990000000000000000e+03 4.310000000000000142e+01 1.059999999999999964e+01
-3.310800180000000176e-02 -6.832110371999999821e-01 -7.294700397000000169e-01 3.005000000000000000e+03 4.310000000000000142e+01 1.059999999999999964e+01
-2.046029983000000052e-01 8.138679934000000449e-01 5.438349956000000374e-01 1.000000000000000000e+03 4.310000000000000142e+01 1.059999999999999964e+01
-5.874697486000000080e-01 3.077958682999999973e-01 7.484256796999999573e-01 2.010000000000000000e+03 4.310000000000000142e+01 1.059999999999999964e+01
-5.390730001000000327e-01 7.939950001000000146e-01 -2.810199999999999920e-01 3.000000000000000000e+03 4.310000000000000142e+01 1.059999999999999964e+01
-5.792346248999999947e-01 -3.604107665999999877e-01 7.311575264999999879e-01 9.950000000000000000e+02 4.310000000000000142e+01 1.059999999999999964e+01
2.185028790999999915e-01 8.244985437999999833e-01 -5.219757111999999699e-01 2.005000000000000000e+03 4.310000000000000142e+01 1.059999999999999964e+01
-6.524741979999999497e-01 -2.084040631999999893e-01 -7.285912210999999639e-01 2.985000000000000000e+03 4.310000000000000142e+01 1.059999999999999964e+01
-3.494608634999999963e-01 -9.324676359000000359e-01 -9.154896425000000337e-02 2.995000000000000000e+03 4.310000000000000142e+01 1.059999999999999964e+01
-8.331549551000000386e-01 5.456519706000000358e-01 9.009299514000000675e-02 1.000000000000000000e+03 4.310000000000000142e+01 1.059999999999999964e+01
-5.238947993000000469e-01 -5.946697721999999464e-01 6.098377663999999809e-01 5.000000000000000000e+00 4.310000000000000142e+01 1.059999999999999964e+01
-8.434658122000000535e-01 3.867929138999999794e-01 3.727689169999999774e-01 2.990000000000000000e+03 4.310000000000000142e+01 1.059999999999999964e+01
3.455028327999999926e-01 9.169695560999999717e-01 1.994859033999999975e-01 9.950000000000000000e+02 4.310000000000000142e+01 1.059999999999999964e+01
-9.633244265000000528e-01 1.789348934999999974e-01 1.999708809000000087e-01 1.995000000000000000e+03 4.310000000000000142e+01 1.059999999999999964e+01
4.840771291000000032e-01 6.782081809000000128e-01 5.529041475000000538e-01 1.995000000000000000e+03 4.310000000000000142e+01 1.059999999999999964e+01
3.152699727000000257e-02 -3.795109670999999851e-01 9.246499199000000058e-01 1.005000000000000000e+03 4.310000000000000142e+01 1.059999999999999964e+01
-8.204135203000000320e-01 5.398946842999999829e-01 -1.882428898999999878e-01 2.000000000000000000e+03 4.310000000000000142e+01 1.059999999999999964e+01
3.075289798999999991e-01 -9.225819398000000282e-01 -2.329559847999999878e-01 2.990000000000000000e+03 4.310000000000000142e+01 1.059999999999999964e+01
2.881659524999999888e-01 6.311978959999999805e-01 7.201038813000000260e-01 1.005000000000000000e+03 4.310000000000000142e+01 1.059999999999999964e+01
2.303339474999999970e-01 2.802279362000000273e-01 -9.318897876999999719e-01 2.010000000000000000e+03 4.310000000000000142e+01 1.059999999999999964e+01
-9.247357365999999690e-01 -3.482939008000000003e-01 -1.534769562999999948e-01 2.995000000000000000e+03 4.310000000000000142e+01 1.059999999999999964e+01
4.270249709999999754e-01 -7.932699461000000118e-01 4.340189704999999898e-01 1.000000000000000000e+03 4.310000000000000142e+01 1.059999999999999964e+01
5.740801384000000090e-02 -9.675532332999999818e-01 -2.460590592999999937e-01 1.995000000000000000e+03 4.310000000000000142e+01 1.059999999999999964e+01
5.821699917999999946e-02 1.412899980000000000e-01 -9.882549860999999547e-01 3.010000000000000000e+03 4.310000000000000142e+01 1.059999999999999964e+01
-9.858060645999999760e-01 -1.674570109999999890e-01 1.202300079000000015e-02 1.000000000000000000e+03 4.310000000000000142e+01 1.059999999999999964e+01
3.869120758999999854e-01 1.393850274000000000e-01 9.115211788999999509e-01 2.005000000000000000e+03 4.310000000000000142e+01 1.059999999999999964e+01
9.086877333999999751e-01 -1.006219705000000048e-01 4.051688810999999890e-01 2.990000000000000000e+03 4.310000000000000142e+01 1.059999999999999964e+01
-5.237498057999999679e-01 -5.913287807999999535e-01 6.132017725999999724e-01 5.000000000000000000e+00 4.310000000000000142e+01 1.059999999999999964e+01
-2.618669197999999865e-01 2.793199144999999883e-02 9.646997046999999936e-01 9.900000000000000000e+02 4.310000000000000142e+01 1.059999999999999964e+01
-3.108738708000000073e-01 -6.888827135999999740e-01 6.548267277999999525e-01 2.990000000000000000e+03 4.310000000000000142e+01 1.059999999999999964e+01
-8.519070328000000192e-01 -2.022630078000000053e-01 4.830570185999999988e-01 2.005000000000000000e+03 4.310000000000000142e+01 1.059999999999999964e+01
2.982959554999999874e-01 -9.514208579999999804e-01 -7.627498861999999769e-02 1.000000000000000000e+03 4.310000000000000142e+01 1.059999999999999964e+01
4.655947650000000215e-01 -7.205906363999999842e-01 5.137807407000000159e-01 2.005000000000000000e+03 4.310000000000000142e+01 1.059999999999999964e+01
-4.809861060000000244e-01 2.396660528000000012e-01 8.433341857999999691e-01 2.985000000000000000e+03 4.310000000000000142e+01 1.059999999999999964e+01
-7.908146316999999925e-01 2.228888961999999918e-01 5.700287345000000228e-01 9.950000000000000000e+02 4.310000000000000142e+01 1.059999999999999964e+01
-5.708049955999999758e-01 6.173909952999999673e-01 5.413039959000000012e-01 2.005000000000000000e+03 4.310000000000000142e+01 1.059999999999999964e+01
-8.297998686999999429e-03 9.599288481000000095e-01 -2.801209557000000072e-01 2.990000000000000000e+03 4.310000000000000142e+01 1.059999999999999964e+01
7.475320299000000057e-01 3.216600129000000141e-01 5.811460232999999809e-01 9.950000000000000000e+02 4.310000000000000142e+01 1.059999999999999964e+01
-5.264480003999999491e-01 -6.207410005000000286e-01 5.809760004999999783e-01 2.005000000000000000e+03 4.310000000000000142e+01 1.059999999999999964e+01
-8.168925878999999668e-01 -2.550068714000000014e-01 5.173567390000000099e-01 2.990000000000000000e+03 4.310000000000000142e+01 1.059999999999999964e+01
2.887449742000000041e-01 7.265649350999999756e-01 -6.234819443000000350e-01 1.005000000000000000e+03 4.310000000000000142e+01 1.059999999999999964e+01
-9.675141173000000316e-01 -2.000760242999999883e-01 -1.545510186999999869e-01 2.000000000000000000e+03 4.310000000000000142e+01 1.059999999999999964e+01
1.337839650000000047e-01 3.529799075999999758e-01 9.260167577000000261e-01 3.010000000000000000e+03 4.310000000000000142e+01 1.059999999999999964e+01
-5.269178446000000182e-01 -5.891518262999999589e-01 6.125828194000000337e-01 5.000000000000000000e+00 4.310000000000000142e+01 1.059999999999999964e+01
-7.092918845000000250e-01 -6.591778926000000371e-01 2.497789592999999919e-01 9.950000000000000000e+02 4.310000000000000142e+01 1.059999999999999964e+01
6.555861034000000087e-01 6.245600985000000493e-01 4.244190668999999749e-01 3.000000000000000000e+03 4.310000000000000142e+01 1.059999999999999964e+01
2.212399810000000022e-02 -6.494259443000000021e-01 -7.601029348000000185e-01 1.990000000000000000e+03 4.310000000000000142e+01 1.059999999999999964e+01
-3.917600393999999819e-01 5.752660578999999608e-01 7.180480723000000065e-01 1.005000000000000000e+03 4.310000000000000142e+01 1.059999999999999964e+01
8.788470202000000508e-01 -2.888780066000000146e-01 3.797070087000000149e-01 9.950000000000000000e+02 4.310000000000000142e+01 1.059999999999999964e+01
4.612099743999999862e-02 -5.628959687000000267e-01 8.252399541999999588e-01 2.005000000000000000e+03 4.310000000000000142e+01 1.059999999999999964e+01
5.589176067000000137e-01 -3.614797456000000131e-01 7.462864747999999882e-01 2.990000000000000000e+03 4.310000000000000142e+01 1.059999999999999964e+01
3.587351114999999813e-01 9.331132898999999759e-01 -2.467200766999999920e-02 2.000000000000000000e+03 4.310000000000000142e+01 1.059999999999999964e+01
-7.586537696999999802e-01 6.353928071000000122e-01 -1.439459563000000109e-01 2.995000000000000000e+03 4.310000000000000142e+01 1.059999999999999964e+01
2.268899362000000031e-01 9.681527277999999459e-01 -1.058359702000000041e-01 1.000000000000000000e+03 4.310000000000000142e+01 1.059999999999999964e+01
-7.317527539000000525e-01 -1.858399374999999965e-02 -6.813167708999999794e-01 2.005000000000000000e+03 4.310000000000000142e+01 1.059999999999999964e+01
1.473650427000000041e-01 -6.377981847000000482e-01 7.559742189999999473e-01 2.985000000000000000e+03 4.310000000000000142e+01 1.059999999999999964e+01
3.563838362999999787e-01 -1.412999350999999968e-03 9.343385707000000373e-01 9.900000000000000000e+02 4.310000000000000142e+01 1.059999999999999964e+01
1.804969005000000015e-01 -9.423704805000000517e-01 2.817068447000000142e-01 1.995000000000000000e+03 4.310000000000000142e+01 1.059999999999999964e+01
-3.017140436999999897e-01 6.035990873000000034e-01 7.379951068000000225e-01 2.985000000000000000e+03 4.310000000000000142e+01 1.059999999999999964e+01
-5.300176666000000480e-01 -5.870286308000000064e-01 6.119466151000000353e-01 5.000000000000000000e+00 4.310000000000000142e+01 1.059999999999999964e+01
3.222799266999999690e-02 3.520909199000000211e-01 9.354107871000000296e-01 9.900000000000000000e+02 4.310000000000000142e+01 1.059999999999999964e+01
6.742988264999999481e-01 6.625098295000000359e-01 3.261929159999999994e-01 2.000000000000000000e+03 4.310000000000000142e+01 1.059999999999999964e+01
-5.677178953999999500e-01 -1.921509646000000016e-01 8.004838524999999816e-01 3.010000000000000000e+03 4.310000000000000142e+01 1.059999999999999964e+01
-7.926631520000000375e-01 -3.413230654000000142e-01 5.051570968999999911e-01 9.950000000000000000e+02 4.310000000000000142e+01 1.059999999999999964e+01
-5.897180352999999986e-01 6.585100395000000051e-02 8.049200481999999601e-01 1.990000000000000000e+03 4.310000000000000142e+01 1.059999999999999964e+01
-9.802381984000000381e-01 1.659428642999999926e-01 1.076849118999999994e-01 2.995000000000000000e+03 4.310000000000000142e+01 1.059999999999999964e+01
2.631950141000000132e-01 -6.552380351000000047e-01 7.080900380000000327e-01 1.005000000000000000e+03 4.310000000000000142e+01 1.059999999999999964e+01
-5.907498268999999969e-01 8.004137654999999851e-01 1.017469701999999948e-01 2.000000000000000000e+03 4.310000000000000142e+01 1.059999999999999964e+01
4.674089599999999844e-01 1.439999877000000018e-02 8.839239244000000051e-01 3.005000000000000000e+03 4.310000000000000142e+01 1.059999999999999964e+01
7.537610048999999757e-01 6.117720039999999804e-01 2.399570015999999972e-01 1.000000000000000000e+03 4.310000000000000142e+01 1.059999999999999964e+01
2.102650698999999901e-01 -3.089711026999999999e-01 -9.275373082000000213e-01 1.990000000000000000e+03 4.310000000000000142e+01 1.059999999999999964e+01
8.589299866999999811e-02 8.725409865000000043e-01 4.809309925999999957e-01 2.995000000000000000e+03 4.310000000000000142e+01 1.059999999999999964e+01
-8.775239467000000015e-01 -4.621969719999999837e-01 1.277719921999999897e-01 2.000000000000000000e+03 4.310000000000000142e+01 1.059999999999999964e+01
-7.231550310000000037e-01 6.295190269999999533e-01 2.841700121999999884e-01 9.950000000000000000e+02 4.310000000000000142e+01 1.059999999999999964e+01
-6.863067574000000226e-01 -7.109027487000000312e-01 1.536239456999999864e-01 2.990000000000000000e+03 4.310000000000000142e+01 1.059999999999999964e+01
-5.299279117999999844e-01 -5.832579029000000137e-01 6.156188974999999841e-01 5.000000000000000000e+00 4.310000000000000142e+01 1.059999999999999964e+01
6.214599455000000550e-01 -2.916469743999999809e-01 7.271379363000000096e-01 9.950000000000000000e+02 4.310000000000000142e+01 1.059999999999999964e+01
-6.118155977000000467e-01 6.871285482000000222e-01 3.918367423999999932e-01 3.005000000000000000e+03 4.310000000000000142e+01 1.059999999999999964e+01
5.623340653999999716e-01 -4.102430476999999742e-01 7.179700835000000225e-01 1.990000000000000000e+03 4.310000000000000142e+01 1.059999999999999964e+01
2.732029425999999983e-01 -8.496728214000000001e-01 4.510169051999999845e-01 3.005000000000000000e+03 4.310000000000000142e+01 1.059999999999999964e+01
9.756622495000000228e-01 -5.727701464999999936e-02 -2.116660541000000006e-01 1.000000000000000000e+03 4.310000000000000142e+01 1.059999999999999964e+01
-8.984438617000000127e-01 4.264509342999999730e-01 1.045859838999999986e-01 2.000000000000000000e+03 4.310000000000000142e+01 1.059999999999999964e+01
6.959299135999999497e-02 -9.424198830000000138e-01 -3.271109594000000120e-01 1.000000000000000000e+03 4.310000000000000142e+01 1.059999999999999964e+01
2.573401262000000189e-01 7.709723780999999665e-01 5.825612856999999867e-01 1.990000000000000000e+03 4.310000000000000142e+01 1.059999999999999964e+01
-5.699101804999999743e-01 -5.220191653000000320e-01 -6.345852009000000349e-01 2.990000000000000000e+03 4.310000000000000142e+01 1.059999999999999964e+01
1.004550007000000050e-01 9.944830068000000134e-01 -3.020500020999999924e-02 2.995000000000000000e+03 4.310000000000000142e+01 1.059999999999999964e+01
-5.116291561000000376e-01 -4.675601427000000004e-02 8.579332617999999577e-01 9.900000000000000000e+02 4.310000000000000142e+01 1.059999999999999964e+01
5.035131977000000258e-01 3.625141423000000085e-01 -7.842563079000000048e-01 2.010000000000000000e+03 4.310000000000000142e+01 1.059999999999999964e+01
4.394368842999999969e-01 7.950567906000000074e-01 4.180668899000000160e-01 9.950000000000000000e+02 4.310000000000000142e+01 1.059999999999999964e+01
1.493658927000000025e-01 9.335863295999999867e-01 -3.257397660999999944e-01 2.005000000000000000e+03 4.310000000000000142e+01 1.059999999999999964e+01
-9.687599358999999799e-01 -2.261269850000000026e-01 1.018369932999999977e-01 3.000000000000000000e+03 4.310000000000000142e+01 1.059999999999999964e+01
5.318497988999999482e-01 5.812497801999999547e-01 -6.158607671000000394e-01 5.000000000000000000e+00 4.310000000000000142e+01 1.059999999999999964e+01
4.382599202000000277e-02 8.631728427999999509e-01 -5.030029083999999484e-01 1.005000000000000000e+03 4.310000000000000142e+01 1.059999999999999964e+01
1.073850548000000044e-01 -1.336790682000000008e-01 -9.851895028999999582e-01 2.980000000000000000e+03 4.310000000000000142e+01 1.059999999999999964e+01
2.591550556000000172e-01 -7.702561651999999537e-01 -5.827041249000000089e-01 2.005000000000000000e+03 4.310000000000000142e+01 1.059999999999999964e+01
-9.251670659999999824e-01 -3.152100224999999922e-02 -3.782490270000000154e-01 1.000000000000000000e+03 4.310000000000000142e+01 1.059999999999999964e+01
2.849399736000000072e-01 -1.109899896999999996e-01 9.520979118000000296e-01 1.985000000000000000e+03 4.310000000000000142e+01 1.059999999999999964e+01
-8.939595571999999768e-01 2.297708861999999963e-01 -3.847618093999999878e-01 2.005000000000000000e+03 4.310000000000000142e+01 1.059999999999999964e+01
-9.090456949999999869e-01 4.026698649000000074e-01 -1.072049639999999998e-01 1.000000000000000000e+03 4.310000000000000142e+01 1.059999999999999964e+01
-4.124399980999999826e-01 -4.359949980000000225e-01 7.998759963999999556e-01 2.985000000000000000e+03 4.310000000000000142e+01 1.059999999999999964e+01
-9.274248468000000356e-01 3.002709504000000140e-01 -2.229809631999999930e-01 2.995000000000000000e+03 4.310000000000000142e+01 1.059999999999999964e+01
2.520579229000000088e-01 5.267348388000000492e-01 -8.117987516000000348e-01 9.950000000000000000e+02 4.310000000000000142e+01 1.059999999999999964e+01
6.693329740000000250e-01 7.136889722999999464e-01 -2.064979919999999913e-01 1.995000000000000000e+03 4.310000000000000142e+01 1.059999999999999964e+01
-8.426147408999999922e-01 -1.214939626000000050e-01 -5.246328386999999926e-01 3.005000000000000000e+03 4.310000000000000142e+01 1.059999999999999964e+01
-4.781247054000000163e-01 8.782464588999999711e-01 -8.939994491999999487e-03 2.995000000000000000e+03 4.310000000000000142e+01 1.059999999999999964e+01
3.400408748000000037e-01 -9.235116599999999565e-01 1.774779347000000063e-01 9.950000000000000000e+02 4.310000000000000142e+01 1.059999999999999964e+01
-5.302099261999999591e-01 -5.778339195999999678e-01 6.204719135999999802e-01 5.000000000000000000e+00 4.310000000000000142e+01 1.059999999999999964e+01
-9.088161263999999795e-01 3.588100498999999971e-02 4.156510578000000011e-01 1.995000000000000000e+03 4.310000000000000142e+01 1.059999999999999964e+01
1.100900554000000010e-02 7.484043764000000154e-01 6.631513334999999953e-01 1.005000000000000000e+03 4.310000000000000142e+01 1.059999999999999964e+01
-4.887721519000000070e-01 -8.372912603000000065e-01 -2.450410762000000131e-01 2.995000000000000000e+03 4.310000000000000142e+01 1.059999999999999964e+01
-7.019679455999999762e-01 -4.762439631000000007e-01 -5.295589589000000430e-01 1.990000000000000000e+03 4.310000000000000142e+01 1.059999999999999964e+01
-6.152899482999999448e-01 2.858019760000000131e-01 7.346669381999999526e-01 9.950000000000000000e+02 4.310000000000000142e+01 1.059999999999999964e+01
-8.544597123000000072e-02 -5.299998215000000434e-04 9.963426644999999748e-01 2.010000000000000000e+03 4.310000000000000142e+01 1.059999999999999964e+01
-8.684635996999999774e-01 1.828889156999999877e-01 4.607847876000000231e-01 2.995000000000000000e+03 4.310000000000000142e+01 1.059999999999999964e+01
-5.228517321000000218e-01 -8.167495814999999881e-01 2.440208749999999982e-01 1.000000000000000000e+03 4.310000000000000142e+01 1.059999999999999964e+01
-6.743917872000000369e-01 5.898568138999999988e-01 -4.441448598000000136e-01 2.005000000000000000e+03 4.310000000000000142e+01 1.059999999999999964e+01
-2.447627846000000051e-01 -8.383722621000000430e-01 4.870555712999999898e-01 2.990000000000000000e+03 4.310000000000000142e+01 1.059999999999999964e+01
-5.421397483000000017e-01 -4.667037833000000080e-01 -6.987646755999999959e-01 9.950000000000000000e+02 4.310000000000000142e+01 1.059999999999999964e+01
1.797669030000000057e-01 9.573484834000000054e-01 2.262028778999999878e-01 2.000000000000000000e+03 4.310000000000000142e+01 1.059999999999999964e+01
-2.122019423000000016e-01 -6.279658294000000085e-01 -7.487517965000000109e-01 2.985000000000000000e+03 4.310000000000000142e+01 1.059999999999999964e+01
-1.320900160000000045e-01 1.515040183999999956e-01 -9.795911188000000491e-01 1.005000000000000000e+03 4.310000000000000142e+01 1.059999999999999964e+01
-6.423479574999999553e-01 5.555499632000000521e-01 -5.279709649999999588e-01 2.990000000000000000e+03 4.310000000000000142e+01 1.059999999999999964e+01
-7.520460683999999896e-01 4.917660447000000157e-01 4.388540398999999925e-01 1.995000000000000000e+03 4.310000000000000142e+01 1.059999999999999964e+01
-5.316618443999999721e-01 -5.775288309999999647e-01 6.195128186999999675e-01 5.000000000000000000e+00 4.310000000000000142e+01 1.059999999999999964e+01
-5.325801354000000293e-02 3.147380799999999756e-01 -9.476832409000000013e-01 3.010000000000000000e+03 4.310000000000000142e+01 1.059999999999999964e+01
-8.792134915000000550e-01 -3.116298196999999978e-02 4.754077250000000032e-01 1.005000000000000000e+03 4.310000000000000142e+01 1.059999999999999964e+01
-9.211802337999999701e-02 -6.997181775999999909e-01 7.084551797999999456e-01 1.990000000000000000e+03 4.310000000000000142e+01 1.059999999999999964e+01
-6.177627680999999704e-01 7.044157355000000287e-01 -3.495248687999999992e-01 1.000000000000000000e+03 4.310000000000000142e+01 1.059999999999999964e+01
-4.239070710000000242e-01 -3.822590639999999818e-01 -8.210851376000000146e-01 2.005000000000000000e+03 4.310000000000000142e+01 1.059999999999999964e+01
-7.760285967000000173e-01 -4.745377533999999842e-01 4.154437840999999909e-01 2.990000000000000000e+03 4.310000000000000142e+01 1.059999999999999964e+01
-4.592770529999999907e-01 7.264670839000000324e-01 5.111850589999999972e-01 9.950000000000000000e+02 4.310000000000000142e+01 1.059999999999999964e+01
-9.998955681000000206e-01 -5.024997829000000388e-03 -1.354999414999999950e-02 2.000000000000000000e+03 4.310000000000000142e+01 1.059999999999999964e+01
-1.637410346000000017e-01 8.977491897999999582e-01 4.089440864000000175e-01 2.995000000000000000e+03 4.310000000000000142e+01 1.059999999999999964e+01
-9.041799231999999575e-01 -4.032909658000000119e-01 -1.407659880000000086e-01 1.000000000000000000e+03 4.310000000000000142e+01 1.059999999999999964e+01
-3.900098312999999983e-01 8.708406233000000052e-01 -2.992138705999999870e-01 2.000000000000000000e+03 4.310000000000000142e+01 1.059999999999999964e+01
-4.679871664999999958e-01 4.590221633000000079e-01 7.551732686000000028e-01 2.990000000000000000e+03 4.310000000000000142e+01 1.059999999999999964e+01
-8.198003224000000033e-01 -5.453545493000000466e-01 -1.746878555999999971e-01 2.995000000000000000e+03 4.310000000000000142e+01 1.059999999999999964e+01
-2.189101129000000090e-01 -2.405281240000000098e-01 -9.456344876000000177e-01 1.005000000000000000e+03 4.310000000000000142e+01 1.059999999999999964e+01
-7.073775937999999819e-01 -3.849207789999999907e-01 5.928346596000000357e-01 1.990000000000000000e+03 4.310000000000000142e+01 1.059999999999999964e+01
-5.323308893999999514e-01 -5.773338800999999743e-01 6.191198714000000214e-01 5.000000000000000000e+00 4.310000000000000142e+01 1.059999999999999964e+01
1.437699584000000017e-02 -9.807237159999999676e-01 1.948699436000000118e-01 9.950000000000000000e+02 4.310000000000000142e+01 1.059999999999999964e+01
-4.141369716000000145e-01 1.798419877000000111e-01 -8.922709387999999686e-01 3.010000000000000000e+03 4.310000000000000142e+01 1.059999999999999964e+01
1.030000124000000038e-02 -4.676870562000000064e-01 -8.838341063000000331e-01 2.005000000000000000e+03 4.310000000000000142e+01 1.059999999999999964e+01
-7.087838947000000278e-01 4.239819369999999754e-01 -5.637949163000000041e-01 9.950000000000000000e+02 4.310000000000000142e+01 1.059999999999999964e+01
-2.780599887999999908e-01 9.441729620000000045e-01 1.766919929000000111e-01 2.005000000000000000e+03 4.310000000000000142e+01 1.059999999999999964e+01
-8.011819850000000409e-01 5.645499894000000074e-01 1.984709963000000077e-01 3.000000000000000000e+03 4.310000000000000142e+01 1.059999999999999964e+01
-5.714191748000000404e-01 4.392001343000000169e-02 8.194822506000000173e-01 2.985000000000000000e+03 4.310000000000000142e+01 1.059999999999999964e+01
-8.379689309000000197e-01 -4.541939626000000008e-01 3.025159751000000008e-01 9.950000000000000000e+02 4.310000000000000142e+01 1.059999999999999964e+01
-2.109979550999999953e-01 3.850229179999999918e-01 -8.984638086999999773e-01 1.990000000000000000e+03 4.310000000000000142e+01 1.059999999999999964e+01
-4.977159735999999723e-01 -8.588719543999999706e-01 1.209039935999999954e-01 2.995000000000000000e+03 4.310000000000000142e+01 1.059999999999999964e+01
-2.280840530999999893e-01 3.995510930000000238e-01 8.878832066999999828e-01 9.900000000000000000e+02 4.310000000000000142e+01 1.059999999999999964e+01
-5.747547905000000013e-01 -8.162847024999999590e-01 -5.775997894999999882e-02 1.995000000000000000e+03 4.310000000000000142e+01 1.059999999999999964e+01
-4.713041354999999988e-01 -5.261911513000000484e-01 7.078102035000000125e-01 9.950000000000000000e+02 4.310000000000000142e+01 1.059999999999999964e+01
-8.198909885999999814e-01 -2.354389966999999861e-01 -5.218689927999999867e-01 2.005000000000000000e+03 4.310000000000000142e+01 1.059999999999999964e+01
-3.484069281000000129e-01 -2.534459477000000072e-01 -9.024288137999999515e-01 3.010000000000000000e+03 4.310000000000000142e+01 1.059999999999999964e+01
-5.314600164999999654e-01 -5.752910178000000263e-01 6.217640193000000259e-01 5.000000000000000000e+00 4.310000000000000142e+01 1.059999999999999964e+01
-9.453709277999999827e-01 -1.346239897000000019e-01 -2.969009772999999797e-01 3.000000000000000000e+03 4.310000000000000142e+01 1.059999999999999964e+01
-6.778534070999999717e-01 7.331783587000000324e-01 5.444495238000000153e-02 1.000000000000000000e+03 4.310000000000000142e+01 1.059999999999999964e+01
-7.705461505999999794e-01 6.077501188000000026e-02 6.344801239999999787e-01 1.990000000000000000e+03 4.310000000000000142e+01 1.059999999999999964e+01
-7.789465241999999900e-01 -1.159119291999999996e-01 -6.162846235000000172e-01 9.950000000000000000e+02 4.310000000000000142e+01 1.059999999999999964e+01
-4.295049089999999903e-01 3.618289234000000021e-01 8.274088247999999979e-01 1.990000000000000000e+03 4.310000000000000142e+01 1.059999999999999964e+01
-1.417480338000000062e-01 9.894422355999999974e-01 3.019200719000000172e-02 3.000000000000000000e+03 4.310000000000000142e+01 1.059999999999999964e+01
-5.675858411999999964e-01 -7.910687787000000304e-01 -2.281589361999999954e-01 1.000000000000000000e+03 4.310000000000000142e+01 1.059999999999999964e+01
-7.501181954000000207e-01 6.597081717999999650e-01 -4.591101195999999773e-02 2.000000000000000000e+03 4.310000000000000142e+01 1.059999999999999964e+01
-9.086898268000000167e-02 -6.230648812000000314e-01 7.768738519000000231e-01 2.985000000000000000e+03 4.310000000000000142e+01 1.059999999999999964e+01
-1.940038973000000055e-01 4.817807449000000020e-01 -8.545465474000000228e-01 9.900000000000000000e+02 4.310000000000000142e+01 1.059999999999999964e+01
-4.342976741999999835e-01 -7.619924284000000325e-01 4.803676397000000153e-01 1.990000000000000000e+03 4.310000000000000142e+01 1.059999999999999964e+01
-7.682739968999999780e-01 2.678749988999999943e-01 -5.813759977000000356e-01 2.990000000000000000e+03 4.310000000000000142e+01 1.059999999999999964e+01
-8.182839811000000019e-01 4.200679903000000270e-01 3.923699909000000208e-01 1.000000000000000000e+03 4.310000000000000142e+01 1.059999999999999964e+01
-7.010899360000000247e-02 5.491969498000000005e-01 8.327469239000000467e-01 3.005000000000000000e+03 4.310000000000000142e+01 1.059999999999999964e+01
-7.019711387999999497e-01 1.742940345000000002e-01 -6.905491365000000492e-01 1.990000000000000000e+03 4.310000000000000142e+01 1.059999999999999964e+01
-5.308880567000000550e-01 -5.755260614999999635e-01 6.220350663999999474e-01 5.000000000000000000e+00 4.310000000000000142e+01 1.059999999999999964e+01
-1.579420531000000072e-01 -1.358680456999999953e-01 9.780563287000000328e-01 1.005000000000000000e+03 4.310000000000000142e+01 1.059999999999999964e+01
-8.959027725999999525e-01 -4.341048898000000045e-01 -9.439897603999999887e-02 2.000000000000000000e+03 4.310000000000000142e+01 1.059999999999999964e+01
-2.745800070000000148e-01 7.251570185000000279e-01 -6.314690160999999469e-01 2.990000000000000000e+03 4.310000000000000142e+01 1.059999999999999964e+01
-1.347520422000000051e-01 -9.609593010000000435e-01 -2.416590757000000034e-01 1.000000000000000000e+03 4.310000000000000142e+01 1.059999999999999964e+01
-4.354867390000000116e-01 -1.406559156999999949e-01 8.891384669999999879e-01 1.990000000000000000e+03 4.310000000000000142e+01 1.059999999999999964e+01
-2.695199390999999944e-01 -9.048297953999999699e-01 -3.296089254999999829e-01 3.000000000000000000e+03 4.310000000000000142e+01 1.059999999999999964e+01
-9.756822626000000165e-01 2.177768354000000073e-01 2.484698122000000148e-02 1.000000000000000000e+03 4.310000000000000142e+01 1.059999999999999964e+01
-5.969741294000000531e-01 7.387221601000000248e-01 3.129080678000000226e-01 2.000000000000000000e+03 4.310000000000000142e+01 1.059999999999999964e+01
-7.666279849999999563e-01 -1.080969979000000053e-01 6.329269875999999906e-01 2.985000000000000000e+03 4.310000000000000142e+01 1.059999999999999964e+01
-5.571309441999999779e-01 7.218999277000000270e-02 -8.272809171999999656e-01 9.950000000000000000e+02 4.310000000000000142e+01 1.059999999999999964e+01
-2.554918769000000256e-01 6.858496695000000365e-01 -6.814206715999999719e-01 1.990000000000000000e+03 4.310000000000000142e+01 1.059999999999999964e+01
4.851119943000000156e-01 -8.313689901999999909e-01 -2.710939968000000144e-01 3.000000000000000000e+03 4.310000000000000142e+01 1.059999999999999964e+01
1.390520245999999904e-01 5.512590976000000254e-01 8.226651456000000362e-01 1.005000000000000000e+03 4.310000000000000142e+01 1.059999999999999964e+01
-4.996129132000000084e-01 -6.343028898000000471e-01 5.899548974999999640e-01 3.005000000000000000e+03 4.310000000000000142e+01 1.059999999999999964e+01
-4.074080910999999805e-01 -5.898091319999999582e-01 -6.972401559999999998e-01 2.005000000000000000e+03 4.310000000000000142e+01 1.059999999999999964e+01
-5.324088886000000187e-01 -5.750208797000000427e-01 6.212018700000000448e-01 5.000000000000000000e+00 4.310000000000000142e+01 1.059999999999999964e+01
-2.010400655000000036e-01 7.905622578000000011e-01 -5.784411886000000447e-01 9.950000000000000000e+02 4.310000000000000142e+01 1.059999999999999964e+01
-1.378339489000000029e-01 9.881136337999999464e-01 -6.806797476999999763e-02 1.995000000000000000e+03 4.310000000000000142e+01 1.059999999999999964e+01
-9.160841259999999986e-01 -2.597110356999999814e-01 3.055160419999999877e-01 3.005000000000000000e+03 4.310000000000000142e+01 1.059999999999999964e+01
-3.211301308999999771e-01 9.038743684000000167e-01 2.826421151999999881e-01 1.000000000000000000e+03 4.310000000000000142e+01 1.059999999999999964e+01
-4.708476513000000030e-01 -7.583494385000000282e-01 4.507866662000000191e-01 9.950000000000000000e+02 4.310000000000000142e+01 1.059999999999999964e+01
-6.909004994999999871e-01 6.383415376000000085e-01 -3.393767541000000110e-01 2.990000000000000000e+03 4.310000000000000142e+01 1.059999999999999964e+01
-3.177839603000000013e-01 1.802109775000000080e-01 9.308798837999999742e-01 2.985000000000000000e+03 4.310000000000000142e+01 1.059999999999999964e+01
-8.891088428000000210e-01 -3.313809414000000175e-01 3.157089442000000079e-01 2.000000000000000000e+03 4.310000000000000142e+01 1.059999999999999964e+01
1.763839785999999910e-01 1.052069872000000045e-01 9.786828812000000211e-01 1.990000000000000000e+03 4.310000000000000142e+01 1.059999999999999964e+01
-7.716244853999999487e-01 -4.815046788999999827e-01 -4.156307228000000187e-01 1.000000000000000000e+03 4.310000000000000142e+01 1.059999999999999964e+01
-6.899180336000000358e-01 -3.870520188000000084e-01 -6.117220298000000112e-01 2.990000000000000000e+03 4.310000000000000142e+01 1.059999999999999964e+01
-2.721709502999999919e-01 -8.786068396999999752e-01 -3.923939283999999805e-01 1.995000000000000000e+03 4.310000000000000142e+01 1.059999999999999964e+01
-7.251887460999999480e-01 -1.906879331999999927e-01 6.616187684000000013e-01 1.005000000000000000e+03 4.310000000000000142e+01 1.059999999999999964e+01
-9.667955548000000121e-01 1.821799161000000125e-02 -2.549008825999999894e-01 1.995000000000000000e+03 4.310000000000000142e+01 1.059999999999999964e+01
-5.150370908000000414e-01 6.411821130000000535e-01 5.688781002999999670e-01 3.005000000000000000e+03 4.310000000000000142e+01 1.059999999999999964e+01
