1	0	0	1.00E-06	23.8	3.9	40
0	1	0	1.00E-06	23.8	3.9	40
0	0	1	1.00E-06	23.8	3.9 40
1	0	0	0.02	23.8	3.9	40
0	1	0	0.02	23.8	3.9	40
0	0	1	0.02	23.8	3.9	40
1	0	0	0.05	23.8	3.9	40
0	1	0	0.05	23.8	3.9	40
0	0	1	0.05	23.8	3.9	40
1	0	0	0.075	23.8	3.9	40
0	1	0	0.075	23.8	3.9	40
0	0	1	0.075	23.8	3.9	40
1	0	0	0.1	23.8	3.9	40
0	1	0	0.1	23.8	3.9	40
0	0	1	0.1	23.8	3.9	40
1	0	0	0.15	23.8	3.9	40
0	1	0	0.15	23.8	3.9	40
0	0	1	0.15	23.8	3.9	40
1	0	0	0.2	23.8	3.9	40
0	1	0	0.2	23.8	3.9	40
0	0	1	0.2	23.8	3.9	40
1	0	0	0.3	23.8	3.9	40
0	1	0	0.3	23.8	3.9	40
0	0	1	0.3	23.8	3.9	40
1	0	0	0.4	23.8	3.9	40
0	1	0	0.4	23.8	3.9	40
0	0	1	0.4	23.8	3.9	40
1	0	0	0.5	23.8	3.9	40
0	1	0	0.5	23.8	3.9	40
0	0	1	0.5	23.8	3.9	40
1	0	0	0.6	23.8	3.9	40
0	1	0	0.6	23.8	3.9	40
0	0	1	0.6	23.8	3.9	40
1	0	0	0.8	23.8	3.9	40
0	1	0	0.8	23.8	3.9	40
0	0	1	0.8	23.8	3.9	40
1	0	0	1.0	23.8	3.9	40
0	1	0	1.0	23.8	3.9	40
0	0	1	1.0	23.8	3.9	40
1	0	0	1.2	23.8	3.9	40
0	1	0	1.2	23.8	3.9	40
0	0	1	1.2	23.8	3.9	40
1	0	0	1.6	23.8	3.9	40
0	1	0	1.6	23.8	3.9	40
0	0	1	1.6	23.8	3.9	40
1	0	0	1.00E-06	23.8	3.9	60
0	1	0	1.00E-06	23.8	3.9	60
0	0	1	1.00E-06	23.8	3.9	60
1	0	0	0.02	23.8	3.9	60
0	1	0	0.02	23.8	3.9	60
0	0	1	0.02	23.8	3.9	60
1	0	0	0.05	23.8	3.9	60
0	1	0	0.05	23.8	3.9	60
0	0	1	0.05	23.8	3.9	60
1	0	0	0.075	23.8	3.9	60
0	1	0	0.075	23.8	3.9	60
0	0	1	0.075	23.8	3.9	60
1	0	0	0.1	23.8	3.9	60
0	1	0	0.1	23.8	3.9	60
0	0	1	0.1	23.8	3.9	60
1	0	0	0.15	23.8	3.9	60
0	1	0	0.15	23.8	3.9	60
0	0	1	0.15	23.8	3.9	60
1	0	0	0.2	23.8	3.9	60
0	1	0	0.2	23.8	3.9	60
0	0	1	0.2	23.8	3.9	60
1	0	0	0.3	23.8	3.9	60
0	1	0	0.3	23.8	3.9	60
0	0	1	0.3	23.8	3.9	60
1	0	0	0.4	23.8	3.9	60
0	1	0	0.4	23.8	3.9	60
0	0	1	0.4	23.8	3.9	60
1	0	0	0.5	23.8	3.9	60
0	1	0	0.5	23.8	3.9	60
0	0	1	0.5	23.8	3.9	60
1	0	0	0.6	23.8	3.9	60
0	1	0	0.6	23.8	3.9	60
0	0	1	0.6	23.8	3.9	60
1	0	0	0.8	23.8	3.9	60
0	1	0	0.8	23.8	3.9	60
0	0	1	0.8	23.8	3.9	60
1	0	0	1.0	23.8	3.9	60
0	1	0	1.0	23.8	3.9	60
0	0	1	1.0	23.8	3.9	60
1	0	0	1.2	23.8	3.9	60
0	1	0	1.2	23.8	3.9	60
0	0	1	1.2	23.8	3.9	60
1	0	0	1.6	23.8	3.9	60
0	1	0	1.6	23.8	3.9	60
0	0	1	1.6	23.8	3.9	60
1	0	0	1.00E-06	23.8	3.9	80
0	1	0	1.00E-06	23.8	3.9	80
0	0	1	1.00E-06	23.8	3.9	80
1	0	0	0.02	23.8	3.9	80
0	1	0	0.02	23.8	3.9	80
0	0	1	0.02	23.8	3.9	80
1	0	0	0.05	23.8	3.9	80
0	1	0	0.05	23.8	3.9	80
0	0	1	0.05	23.8	3.9	80
1	0	0	0.075	23.8	3.9	80
0	1	0	0.075	23.8	3.9	80
0	0	1	0.075	23.8	3.9	80
1	0	0	0.1	23.8	3.9	80
0	1	0	0.1	23.8	3.9	80
0	0	1	0.1	23.8	3.9	80
1	0	0	0.15	23.8	3.9	80
0	1	0	0.15	23.8	3.9	80
0	0	1	0.15	23.8	3.9	80
1	0	0	0.2	23.8	3.9	80
0	1	0	0.2	23.8	3.9	80
0	0	1	0.2	23.8	3.9	80
1	0	0	0.3	23.8	3.9	80
0	1	0	0.3	23.8	3.9	80
0	0	1	0.3	23.8	3.9	80
1	0	0	0.4	23.8	3.9	80
0	1	0	0.4	23.8	3.9	80
0	0	1	0.4	23.8	3.9	80
1	0	0	0.5	23.8	3.9	80
0	1	0	0.5	23.8	3.9	80
0	0	1	0.5	23.8	3.9	80
1	0	0	0.6	23.8	3.9	80
0	1	0	0.6	23.8	3.9	80
0	0	1	0.6	23.8	3.9	80
1	0	0	0.8	23.8	3.9	80
0	1	0	0.8	23.8	3.9	80
0	0	1	0.8	23.8	3.9	80
1	0	0	1.0	23.8	3.9	80
0	1	0	1.0	23.8	3.9	80
0	0	1	1.0	23.8	3.9	80
1	0	0	1.2	23.8	3.9	80
0	1	0	1.2	23.8	3.9	80
0	0	1	1.2	23.8	3.9	80
1	0	0	1.6	23.8	3.9	80
0	1	0	1.6	23.8	3.9	80
0	0	1	1.6	23.8	3.9	80
1	0	0	1.00E-06	23.8	3.9	100
0	1	0	1.00E-06	23.8	3.9	100
0	0	1	1.00E-06	23.8	3.9	100
1	0	0	0.02	23.8	3.9	100
0	1	0	0.02	23.8	3.9	100
0	0	1	0.02	23.8	3.9	100
1	0	0	0.05	23.8	3.9	100
0	1	0	0.05	23.8	3.9	100
0	0	1	0.05	23.8	3.9	100
1	0	0	0.075	23.8	3.9	100
0	1	0	0.075	23.8	3.9	100
0	0	1	0.075	23.8	3.9	100
1	0	0	0.1	23.8	3.9	100
0	1	0	0.1	23.8	3.9	100
0	0	1	0.1	23.8	3.9	100
1	0	0	0.15	23.8	3.9	100
0	1	0	0.15	23.8	3.9	100
0	0	1	0.15	23.8	3.9	100
1	0	0	0.2	23.8	3.9	100
0	1	0	0.2	23.8	3.9	100
0	0	1	0.2	23.8	3.9	100
1	0	0	0.3	23.8	3.9	100
0	1	0	0.3	23.8	3.9	100
0	0	1	0.3	23.8	3.9	100
1	0	0	0.4	23.8	3.9	100
0	1	0	0.4	23.8	3.9	100
0	0	1	0.4	23.8	3.9	100
1	0	0	0.5	23.8	3.9	100
0	1	0	0.5	23.8	3.9	100
0	0	1	0.5	23.8	3.9	100
1	0	0	0.6	23.8	3.9	100
0	1	0	0.6	23.8	3.9	100
0	0	1	0.6	23.8	3.9	100
1	0	0	0.8	23.8	3.9	100
0	1	0	0.8	23.8	3.9	100
0	0	1	0.8	23.8	3.9	100
1	0	0	1.0	23.8	3.9	100
0	1	0	1.0	23.8	3.9	100
0	0	1	1.0	23.8	3.9	100
1	0	0	1.2	23.8	3.9	100
0	1	0	1.2	23.8	3.9	100
0	0	1	1.2	23.8	3.9	100
1	0	0	1.6	23.8	3.9	100
0	1	0	1.6	23.8	3.9	100
0	0	1	1.6	23.8	3.9	100
1	0	0	1.00E-06	23.8	3.9	150
0	1	0	1.00E-06	23.8	3.9	150
0	0	1	1.00E-06	23.8	3.9	150
1	0	0	0.02	23.8	3.9	150
0	1	0	0.02	23.8	3.9	150
0	0	1	0.02	23.8	3.9	150
1	0	0	0.05	23.8	3.9	150
0	1	0	0.05	23.8	3.9	150
0	0	1	0.05	23.8	3.9	150
1	0	0	0.075	23.8	3.9	150
0	1	0	0.075	23.8	3.9	150
0	0	1	0.075	23.8	3.9	150
1	0	0	0.1	23.8	3.9	150
0	1	0	0.1	23.8	3.9	150
0	0	1	0.1	23.8	3.9	150
1	0	0	0.15	23.8	3.9	150
0	1	0	0.15	23.8	3.9	150
0	0	1	0.15	23.8	3.9	150
1	0	0	0.2	23.8	3.9	150
0	1	0	0.2	23.8	3.9	150
0	0	1	0.2	23.8	3.9	150
1	0	0	0.3	23.8	3.9	150
0	1	0	0.3	23.8	3.9	150
0	0	1	0.3	23.8	3.9	150
1	0	0	0.4	23.8	3.9	150
0	1	0	0.4	23.8	3.9	150
0	0	1	0.4	23.8	3.9	150
1	0	0	0.5	23.8	3.9	150
0	1	0	0.5	23.8	3.9	150
0	0	1	0.5	23.8	3.9	150
1	0	0	0.6	23.8	3.9	150
0	1	0	0.6	23.8	3.9	150
0	0	1	0.6	23.8	3.9	150
1	0	0	0.8	23.8	3.9	150
0	1	0	0.8	23.8	3.9	150
0	0	1	0.8	23.8	3.9	150
1	0	0	1.0	23.8	3.9	150
0	1	0	1.0	23.8	3.9	150
0	0	1	1.0	23.8	3.9	150
1	0	0	1.2	23.8	3.9	150
0	1	0	1.2	23.8	3.9	150
0	0	1	1.2	23.8	3.9	150
1	0	0	1.6	23.8	3.9	150
0	1	0	1.6	23.8	3.9	150
0	0	1	1.6	23.8	3.9	150
1	0	0	1.00E-06	23.8	3.9	200
0	1	0	1.00E-06	23.8	3.9	200
0	0	1	1.00E-06	23.8	3.9	200
1	0	0	0.02	23.8	3.9	200
0	1	0	0.02	23.8	3.9	200
0	0	1	0.02	23.8	3.9	200
1	0	0	0.05	23.8	3.9	200
0	1	0	0.05	23.8	3.9	200
0	0	1	0.05	23.8	3.9	200
1	0	0	0.075	23.8	3.9	200
0	1	0	0.075	23.8	3.9	200
0	0	1	0.075	23.8	3.9	200
1	0	0	0.1	23.8	3.9	200
0	1	0	0.1	23.8	3.9	200
0	0	1	0.1	23.8	3.9	200
1	0	0	0.15	23.8	3.9	200
0	1	0	0.15	23.8	3.9	200
0	0	1	0.15	23.8	3.9	200
1	0	0	0.2	23.8	3.9	200
0	1	0	0.2	23.8	3.9	200
0	0	1	0.2	23.8	3.9	200
1	0	0	0.3	23.8	3.9	200
0	1	0	0.3	23.8	3.9	200
0	0	1	0.3	23.8	3.9	200
1	0	0	0.4	23.8	3.9	200
0	1	0	0.4	23.8	3.9	200
0	0	1	0.4	23.8	3.9	200
1	0	0	0.5	23.8	3.9	200
0	1	0	0.5	23.8	3.9	200
0	0	1	0.5	23.8	3.9	200
1	0	0	0.6	23.8	3.9	200
0	1	0	0.6	23.8	3.9	200
0	0	1	0.6	23.8	3.9	200
1	0	0	0.8	23.8	3.9	200
0	1	0	0.8	23.8	3.9	200
0	0	1	0.8	23.8	3.9	200
1	0	0	1.0	23.8	3.9	200
0	1	0	1.0	23.8	3.9	200
0	0	1	1.0	23.8	3.9	200
1	0	0	1.2	23.8	3.9	200
0	1	0	1.2	23.8	3.9	200
0	0	1	1.2	23.8	3.9	200
1	0	0	1.6	23.8	3.9	200
0	1	0	1.6	23.8	3.9	200
0	0	1	1.6	23.8	3.9	200
1	0	0	1.00E-06	23.8	3.9	400
0	1	0	1.00E-06	23.8	3.9	400
0	0	1	1.00E-06	23.8	3.9	400
1	0	0	0.02	23.8	3.9	400
0	1	0	0.02	23.8	3.9	400
0	0	1	0.02	23.8	3.9	400
1	0	0	0.05	23.8	3.9	400
0	1	0	0.05	23.8	3.9	400
0	0	1	0.05	23.8	3.9	400
1	0	0	0.075	23.8	3.9	400
0	1	0	0.075	23.8	3.9	400
0	0	1	0.075	23.8	3.9	400
1	0	0	0.1	23.8	3.9	400
0	1	0	0.1	23.8	3.9	400
0	0	1	0.1	23.8	3.9	400
1	0	0	0.15	23.8	3.9	400
0	1	0	0.15	23.8	3.9	400
0	0	1	0.15	23.8	3.9	400
1	0	0	0.2	23.8	3.9	400
0	1	0	0.2	23.8	3.9	400
0	0	1	0.2	23.8	3.9	400
1	0	0	0.3	23.8	3.9	400
0	1	0	0.3	23.8	3.9	400
0	0	1	0.3	23.8	3.9	400
1	0	0	0.4	23.8	3.9	400
0	1	0	0.4	23.8	3.9	400
0	0	1	0.4	23.8	3.9	400
1	0	0	0.5	23.8	3.9	400
0	1	0	0.5	23.8	3.9	400
0	0	1	0.5	23.8	3.9	400
1	0	0	0.6	23.8	3.9	400
0	1	0	0.6	23.8	3.9	400
0	0	1	0.6	23.8	3.9	400
1	0	0	0.8	23.8	3.9	400
0	1	0	0.8	23.8	3.9	400
0	0	1	0.8	23.8	3.9	400
1	0	0	1.0	23.8	3.9	400
0	1	0	1.0	23.8	3.9	400
0	0	1	1.0	23.8	3.9	400
1	0	0	1.2	23.8	3.9	400
0	1	0	1.2	23.8	3.9	400
0	0	1	1.2	23.8	3.9	400
1	0	0	1.6	23.8	3.9	400
0	1	0	1.6	23.8	3.9	400
0	0	1	1.6	23.8	3.9	400
1	0	0	1.00E-06	23.8	3.9	600
0	1	0	1.00E-06	23.8	3.9	600
0	0	1	1.00E-06	23.8	3.9	600
1	0	0	0.02	23.8	3.9	600
0	1	0	0.02	23.8	3.9	600
0	0	1	0.02	23.8	3.9	600
1	0	0	0.05	23.8	3.9	600
0	1	0	0.05	23.8	3.9	600
0	0	1	0.05	23.8	3.9	600
1	0	0	0.075	23.8	3.9	600
0	1	0	0.075	23.8	3.9	600
0	0	1	0.075	23.8	3.9	600
1	0	0	0.1	23.8	3.9	600
0	1	0	0.1	23.8	3.9	600
0	0	1	0.1	23.8	3.9	600
1	0	0	0.15	23.8	3.9	600
0	1	0	0.15	23.8	3.9	600
0	0	1	0.15	23.8	3.9	600
1	0	0	0.2	23.8	3.9	600
0	1	0	0.2	23.8	3.9	600
0	0	1	0.2	23.8	3.9	600
1	0	0	0.3	23.8	3.9	600
0	1	0	0.3	23.8	3.9	600
0	0	1	0.3	23.8	3.9	600
1	0	0	0.4	23.8	3.9	600
0	1	0	0.4	23.8	3.9	600
0	0	1	0.4	23.8	3.9	600
1	0	0	0.5	23.8	3.9	600
0	1	0	0.5	23.8	3.9	600
0	0	1	0.5	23.8	3.9	600
1	0	0	0.6	23.8	3.9	600
0	1	0	0.6	23.8	3.9	600
0	0	1	0.6	23.8	3.9	600
1	0	0	0.8	23.8	3.9	600
0	1	0	0.8	23.8	3.9	600
0	0	1	0.8	23.8	3.9	600
1	0	0	1.0	23.8	3.9	600
0	1	0	1.0	23.8	3.9	600
0	0	1	1.0	23.8	3.9	600
1	0	0	1.2	23.8	3.9	600
0	1	0	1.2	23.8	3.9	600
0	0	1	1.2	23.8	3.9	600
1	0	0	1.6	23.8	3.9	600
0	1	0	1.6	23.8	3.9	600
0	0	1	1.6	23.8	3.9	600