0 0 0 1.00E-06 24 7
0.049 -0.919 -0.391 200 24 7
0.726 0.301 -0.618 200 24 7
-0.683 0.255 -0.684 200 24 7
0.845 -0.502 -0.186 200 24 7
-0.730 -0.619 -0.288 200 24 7
-0.051 0.039 0.998 200 24 7
-0.018 0.871 -0.491 200 24 7
-0.444 0.494 0.747 200 24 7
-0.989 -0.086 -0.116 200 24 7
-0.470 -0.855 0.221 200 24 7
0 0 0 1.00E-06 24 7
0.412 0.400 0.819 200 24 7
-0.552 0.790 -0.267 200 24 7
-0.123 -0.477 0.871 200 24 7
-0.848 0.141 0.510 200 24 7
-0.341 -0.788 -0.512 200 24 7
0.361 -0.529 0.768 200 24 7
-0.472 0.850 0.234 200 24 7
-0.856 -0.481 0.189 200 24 7
0.797 0.162 0.582 200 24 7
0.467 -0.009 -0.884 200 24 7
0 0 0 1.00E-06 24 7
0.013 0.998 -0.056 200 24 7
0.882 -0.387 0.267 200 24 7
0.017 -0.536 -0.844 200 24 7
-0.442 -0.651 0.617 200 24 7
0.365 -0.058 0.929 200 24 7
0.977 -0.004 -0.213 200 24 7
-0.406 -0.902 -0.145 200 24 7
-0.627 0.614 0.479 200 24 7
-0.354 0.772 -0.528 200 24 7
-0.658 -0.472 -0.586 200 24 7
0 0 0 1.00E-06 24 7
0.049 -0.919 -0.391 500 24 7
0.726 0.301 -0.618 500 24 7
-0.683 0.255 -0.684 500 24 7
0.845 -0.502 -0.186 500 24 7
-0.730 -0.619 -0.288 500 24 7
-0.051 0.039 0.998 500 24 7
-0.018 0.871 -0.491 500 24 7
-0.444 0.494 0.747 500 24 7
-0.989 -0.086 -0.116 500 24 7
-0.470 -0.855 0.221 500 24 7
0 0 0 1.00E-06 24 7
0.412 0.400 0.819 500 24 7
-0.552 0.790 -0.267 500 24 7
-0.123 -0.477 0.871 500 24 7
-0.848 0.141 0.510 500 24 7
-0.341 -0.788 -0.512 500 24 7
0.361 -0.529 0.768 500 24 7
-0.472 0.850 0.234 500 24 7
-0.856 -0.481 0.189 500 24 7
0.797 0.162 0.582 500 24 7
0.467 -0.009 -0.884 500 24 7
0 0 0 1.00E-06 24 7
0.013 0.998 -0.056 500 24 7
0.882 -0.387 0.267 500 24 7
0.017 -0.536 -0.844 500 24 7
-0.442 -0.651 0.617 500 24 7
0.365 -0.058 0.929 500 24 7
0.977 -0.004 -0.213 500 24 7
-0.406 -0.902 -0.145 500 24 7
-0.627 0.614 0.479 500 24 7
-0.354 0.772 -0.528 500 24 7
-0.658 -0.472 -0.586 500 24 7
0 0 0 1.00E-06 24 7
0.049 -0.919 -0.391 1200 24 7
0.726 0.301 -0.618 1200 24 7
-0.683 0.255 -0.684 1200 24 7
0.845 -0.502 -0.186 1200 24 7
-0.730 -0.619 -0.288 1200 24 7
-0.051 0.039 0.998 1200 24 7
-0.018 0.871 -0.491 1200 24 7
-0.444 0.494 0.747 1200 24 7
-0.989 -0.086 -0.116 1200 24 7
-0.470 -0.855 0.221 1200 24 7
0 0 0 1.00E-06 24 7
0.412 0.400 0.819 1200 24 7
-0.552 0.790 -0.267 1200 24 7
-0.123 -0.477 0.871 1200 24 7
-0.848 0.141 0.510 1200 24 7
-0.341 -0.788 -0.512 1200 24 7
0.361 -0.529 0.768 1200 24 7
-0.472 0.850 0.234 1200 24 7
-0.856 -0.481 0.189 1200 24 7
0.797 0.162 0.582 1200 24 7
0.467 -0.009 -0.884 1200 24 7
0 0 0 1.00E-06 24 7
0.013 0.998 -0.056 1200 24 7
0.882 -0.387 0.267 1200 24 7
0.017 -0.536 -0.844 1200 24 7
-0.442 -0.651 0.617 1200 24 7
0.365 -0.058 0.929 1200 24 7
0.977 -0.004 -0.213 1200 24 7
-0.406 -0.902 -0.145 1200 24 7
-0.627 0.614 0.479 1200 24 7
-0.354 0.772 -0.528 1200 24 7
-0.658 -0.472 -0.586 1200 24 7
0 0 0 1.00E-06 24 7
0.049 -0.919 -0.391 2400 24 7
0.726 0.301 -0.618 2400 24 7
-0.683 0.255 -0.684 2400 24 7
0.845 -0.502 -0.186 2400 24 7
-0.730 -0.619 -0.288 2400 24 7
-0.051 0.039 0.998 2400 24 7
-0.018 0.871 -0.491 2400 24 7
-0.444 0.494 0.747 2400 24 7
-0.989 -0.086 -0.116 2400 24 7
-0.470 -0.855 0.221 2400 24 7
0 0 0 1.00E-06 24 7
0.412 0.400 0.819 2400 24 7
-0.552 0.790 -0.267 2400 24 7
-0.123 -0.477 0.871 2400 24 7
-0.848 0.141 0.510 2400 24 7
-0.341 -0.788 -0.512 2400 24 7
0.361 -0.529 0.768 2400 24 7
-0.472 0.850 0.234 2400 24 7
-0.856 -0.481 0.189 2400 24 7
0.797 0.162 0.582 2400 24 7
0.467 -0.009 -0.884 2400 24 7
0 0 0 1.00E-06 24 7
0.013 0.998 -0.056 2400 24 7
0.882 -0.387 0.267 2400 24 7
0.017 -0.536 -0.844 2400 24 7
-0.442 -0.651 0.617 2400 24 7
0.365 -0.058 0.929 2400 24 7
0.977 -0.004 -0.213 2400 24 7
-0.406 -0.902 -0.145 2400 24 7
-0.627 0.614 0.479 2400 24 7
-0.354 0.772 -0.528 2400 24 7
-0.658 -0.472 -0.586 2400 24 7
0 0 0 1.00E-06 24 7
0.049 -0.919 -0.391 4000 24 7
0.726 0.301 -0.618 4000 24 7
-0.683 0.255 -0.684 4000 24 7
0.845 -0.502 -0.186 4000 24 7
-0.730 -0.619 -0.288 4000 24 7
-0.051 0.039 0.998 4000 24 7
-0.018 0.871 -0.491 4000 24 7
-0.444 0.494 0.747 4000 24 7
-0.989 -0.086 -0.116 4000 24 7
-0.470 -0.855 0.221 4000 24 7
0 0 0 1.00E-06 24 7
0.412 0.400 0.819 4000 24 7
-0.552 0.790 -0.267 4000 24 7
-0.123 -0.477 0.871 4000 24 7
-0.848 0.141 0.510 4000 24 7
-0.341 -0.788 -0.512 4000 24 7
0.361 -0.529 0.768 4000 24 7
-0.472 0.850 0.234 4000 24 7
-0.856 -0.481 0.189 4000 24 7
0.797 0.162 0.582 4000 24 7
0.467 -0.009 -0.884 4000 24 7
0 0 0 1.00E-06 24 7
0.013 0.998 -0.056 4000 24 7
0.882 -0.387 0.267 4000 24 7
0.017 -0.536 -0.844 4000 24 7
-0.442 -0.651 0.617 4000 24 7
0.365 -0.058 0.929 4000 24 7
0.977 -0.004 -0.213 4000 24 7
-0.406 -0.902 -0.145 4000 24 7
-0.627 0.614 0.479 4000 24 7
-0.354 0.772 -0.528 4000 24 7
-0.658 -0.472 -0.586 4000 24 7
0 0 0 1.00E-06 24 7
0.049 -0.919 -0.391 6000 24 7
0.726 0.301 -0.618 6000 24 7
-0.683 0.255 -0.684 6000 24 7
0.845 -0.502 -0.186 6000 24 7
-0.730 -0.619 -0.288 6000 24 7
-0.051 0.039 0.998 6000 24 7
-0.018 0.871 -0.491 6000 24 7
-0.444 0.494 0.747 6000 24 7
-0.989 -0.086 -0.116 6000 24 7
-0.470 -0.855 0.221 6000 24 7
0 0 0 1.00E-06 24 7
0.412 0.400 0.819 6000 24 7
-0.552 0.790 -0.267 6000 24 7
-0.123 -0.477 0.871 6000 24 7
-0.848 0.141 0.510 6000 24 7
-0.341 -0.788 -0.512 6000 24 7
0.361 -0.529 0.768 6000 24 7
-0.472 0.850 0.234 6000 24 7
-0.856 -0.481 0.189 6000 24 7
0.797 0.162 0.582 6000 24 7
0.467 -0.009 -0.884 6000 24 7
0 0 0 1.00E-06 24 7
0.013 0.998 -0.056 6000 24 7
0.882 -0.387 0.267 6000 24 7
0.017 -0.536 -0.844 6000 24 7
-0.442 -0.651 0.617 6000 24 7
0.365 -0.058 0.929 6000 24 7
0.977 -0.004 -0.213 6000 24 7
-0.406 -0.902 -0.145 6000 24 7
-0.627 0.614 0.479 6000 24 7
-0.354 0.772 -0.528 6000 24 7
-0.658 -0.472 -0.586 6000 24 7
0 0 0 1.00E-06 24 7